feature,coefficient,abs_coefficient
rdkit_MolLogP,0.6901809136971424,0.6901809136971424
rdkit_fr_COO,-0.2110013008816178,0.2110013008816178
fcfp6_bit_0370,-0.09116219141349041,0.09116219141349041
avalon_count_0522,0.08728008719955523,0.08728008719955523
erg_257,-0.0809045673344168,0.0809045673344168
avalon_count_0474,0.07359632560130872,0.07359632560130872
erg_105,0.06757165621072761,0.06757165621072761
erg_113,-0.06468984889338551,0.06468984889338551
maccs_bit_049,-0.06414968494564491,0.06414968494564491
topological_torsion_bit_0341,-0.06350450498011652,0.06350450498011652
erg_259,-0.061721032797688195,0.061721032797688195
erg_045,-0.06119484218136081,0.06119484218136081
avalon_count_0983,-0.06035296836577409,0.06035296836577409
fcfp6_bit_0032,-0.05980491954512983,0.05980491954512983
erg_059,0.05978319533330669,0.05978319533330669
erg_261,-0.04895595852334982,0.04895595852334982
erg_117,-0.04739560435156683,0.04739560435156683
fcfp6_bit_0639,-0.04664163880669752,0.04664163880669752
rdkit_fr_piperzine,0.04639320255369247,0.04639320255369247
erg_181,0.04580121421896723,0.04580121421896723
fcfp6_bit_0926,-0.04560213420318819,0.04560213420318819
erg_060,-0.04541251992954242,0.04541251992954242
maccs_bit_017,0.04460670134975851,0.04460670134975851
fcfp6_bit_0461,0.04405008243655085,0.04405008243655085
erg_111,-0.04395246894645665,0.04395246894645665
rdkit_EState_VSA7,0.04095813125331754,0.04095813125331754
rdkit_VSA_EState5,0.04005679019909648,0.04005679019909648
maplight_morgan_0305,-0.03971429246666684,0.03971429246666684
avalon_count_0931,0.03909716721438241,0.03909716721438241
rdkit_fr_nitro_arom_nonortho,0.037907882724598954,0.037907882724598954
atom_pair_bit_0769,-0.03706444072034065,0.03706444072034065
fcfp6_bit_0561,-0.03706372830248623,0.03706372830248623
fcfp6_bit_0965,-0.036733524036741114,0.036733524036741114
atom_pair_bit_0798,0.036434299007079486,0.036434299007079486
ecfp6_bit_1016,0.036348939498617054,0.036348939498617054
rdkit_fr_guanido,-0.036195537103974884,0.036195537103974884
ecfp6_bit_0167,0.03606728970112067,0.03606728970112067
atom_pair_bit_0058,-0.03492743625046046,0.03492743625046046
topological_torsion_bit_0281,0.03448478310288602,0.03448478310288602
erg_220,-0.03447023927113725,0.03447023927113725
topological_torsion_bit_0500,0.03335983544780771,0.03335983544780771
avalon_count_0537,0.03331143562163034,0.03331143562163034
maccs_bit_078,-0.03309604984793929,0.03309604984793929
avalon_count_1005,0.03221235223997057,0.03221235223997057
avalon_count_0327,0.031996586331279164,0.031996586331279164
ecfp6_bit_0591,0.030993442367383366,0.030993442367383366
fcfp6_bit_0944,-0.030799407592926445,0.030799407592926445
topological_torsion_bit_0634,-0.03065724743716447,0.03065724743716447
fcfp6_bit_0300,0.029977473745185296,0.029977473745185296
erg_209,-0.029665102546555445,0.029665102546555445
atom_pair_bit_0056,0.02900921908709575,0.02900921908709575
rdk_path_bit_0059,-0.028559678970987053,0.028559678970987053
erg_196,-0.028434050908974436,0.028434050908974436
ecfp6_bit_0140,-0.028422038958068208,0.028422038958068208
topological_torsion_bit_0622,0.027918471219434072,0.027918471219434072
layered_bit_0711,-0.027906906016570757,0.027906906016570757
maplight_morgan_0138,-0.027881195588436235,0.027881195588436235
rdk_path_bit_0924,-0.027501377196538987,0.027501377196538987
rdk_path_bit_0795,0.02709432539308031,0.02709432539308031
avalon_count_0930,-0.026562060845699623,0.026562060845699623
fcfp6_bit_0901,-0.02653545575149898,0.02653545575149898
atom_pair_bit_0264,-0.026432832132626732,0.026432832132626732
morgan_bit_0981,-0.026407182799816294,0.026407182799816294
rdkit_SlogP_VSA10,0.025801861855650608,0.025801861855650608
rdk_path_bit_0753,-0.025728750192734344,0.025728750192734344
avalon_count_0380,0.02562056118523235,0.02562056118523235
topological_torsion_bit_0297,-0.02549912864523413,0.02549912864523413
layered_bit_0097,-0.025195478898967828,0.025195478898967828
rdk_path_bit_0412,-0.025173362212040713,0.025173362212040713
topological_torsion_bit_0376,0.02511714241154015,0.02511714241154015
topological_torsion_bit_0829,-0.025057542342175516,0.025057542342175516
layered_bit_0624,-0.024941337096395375,0.024941337096395375
atom_pair_bit_0569,0.024889549745789285,0.024889549745789285
layered_bit_0228,0.024708957785309828,0.024708957785309828
rdk_path_bit_0414,0.024556725078774416,0.024556725078774416
erg_129,-0.024500687249221748,0.024500687249221748
fcfp6_bit_0329,-0.024287923259904146,0.024287923259904146
fcfp6_bit_0948,0.02423848859974018,0.02423848859974018
morgan_bit_0114,0.024228853834251347,0.024228853834251347
rdk_path_bit_0504,0.023973117737138568,0.023973117737138568
rdk_path_bit_0462,0.02388493857923335,0.02388493857923335
avalon_count_0982,0.023880434501082525,0.023880434501082525
maccs_bit_145,0.02385526938209979,0.02385526938209979
morgan_bit_0670,-0.023718421577906858,0.023718421577906858
erg_030,-0.023257001088651603,0.023257001088651603
rdk_path_bit_0075,0.02310012807796649,0.02310012807796649
rdk_path_bit_0503,-0.023021704869454936,0.023021704869454936
fcfp6_bit_0821,-0.022964146705751854,0.022964146705751854
morgan_bit_0813,0.02294977647571771,0.02294977647571771
ecfp6_bit_0686,0.022753768231604497,0.022753768231604497
ecfp6_bit_0325,0.02252102345770139,0.02252102345770139
ecfp6_bit_0243,0.022452348516873607,0.022452348516873607
erg_084,-0.02215818449922714,0.02215818449922714
maplight_morgan_0627,0.022137289472484226,0.022137289472484226
atom_pair_bit_0401,-0.02206650482262318,0.02206650482262318
maplight_morgan_0010,0.021916159195337574,0.021916159195337574
layered_bit_0958,-0.021896202969479396,0.021896202969479396
rdk_path_bit_0682,0.021730300242514506,0.021730300242514506
morgan_bit_0842,-0.021567848035219637,0.021567848035219637
erg_235,0.021547682793251775,0.021547682793251775
fcfp6_bit_0759,0.021383038907080022,0.021383038907080022
ecfp6_bit_0342,0.02128513975368642,0.02128513975368642
layered_bit_0300,0.02116527303128222,0.02116527303128222
ecfp6_bit_0522,-0.021024232410918373,0.021024232410918373
atom_pair_bit_0599,0.02100062904216998,0.02100062904216998
layered_bit_0463,0.020868671387914078,0.020868671387914078
avalon_count_0427,-0.020670444198444864,0.020670444198444864
rdk_path_bit_0267,0.020659336710839162,0.020659336710839162
maplight_morgan_0744,0.020316098088608223,0.020316098088608223
rdk_path_bit_0376,-0.0202954728125762,0.0202954728125762
layered_bit_0973,-0.019983182029297546,0.019983182029297546
rdk_path_bit_0984,0.01997763367953127,0.01997763367953127
layered_bit_0542,0.019895678219797906,0.019895678219797906
rdk_path_bit_0053,-0.01974301147667236,0.01974301147667236
avalon_count_0440,-0.019716724975920044,0.019716724975920044
ecfp6_bit_0032,0.019679729691818967,0.019679729691818967
morgan_bit_0823,0.019612214062275066,0.019612214062275066
morgan_bit_0633,-0.01958550377153571,0.01958550377153571
ecfp6_bit_0731,0.019569909463927837,0.019569909463927837
rdk_path_bit_0255,-0.019355613807319656,0.019355613807319656
rdk_path_bit_0717,0.01926356024296716,0.01926356024296716
layered_bit_0416,0.01925828173049963,0.01925828173049963
ecfp6_bit_1017,-0.01914467382435238,0.01914467382435238
fcfp6_bit_0692,0.019086590122114524,0.019086590122114524
layered_bit_0116,-0.019081778630074715,0.019081778630074715
layered_bit_0840,0.01891370043571348,0.01891370043571348
rdk_path_bit_0202,-0.018859877306902285,0.018859877306902285
layered_bit_0934,0.018795311587936268,0.018795311587936268
layered_bit_0943,-0.018734462052527667,0.018734462052527667
atom_pair_bit_0669,-0.018712488372567376,0.018712488372567376
layered_bit_0108,0.01869240245887857,0.01869240245887857
layered_bit_0124,-0.0185829273502562,0.0185829273502562
morgan_bit_0922,-0.018551241354853937,0.018551241354853937
avalon_count_0360,0.018544134407353304,0.018544134407353304
topological_torsion_bit_0383,0.018528307646240312,0.018528307646240312
layered_bit_0609,-0.018472972650772138,0.018472972650772138
fcfp6_bit_0573,-0.01840861729930146,0.01840861729930146
topological_torsion_bit_0892,0.018406970156618484,0.018406970156618484
morgan_bit_0039,0.018372922939936524,0.018372922939936524
rdk_path_bit_0154,-0.01825420714373206,0.01825420714373206
fcfp6_bit_0174,-0.018107706491533062,0.018107706491533062
layered_bit_0366,0.01809212129312197,0.01809212129312197
atom_pair_bit_0966,0.018084985853078793,0.018084985853078793
erg_260,-0.018000391937512707,0.018000391937512707
rdk_path_bit_0883,0.017973779060819855,0.017973779060819855
atom_pair_bit_0968,0.017863366804372872,0.017863366804372872
avalon_count_0784,-0.017112886640537943,0.017112886640537943
maplight_morgan_0916,-0.017053984744162875,0.017053984744162875
fcfp6_bit_0507,-0.017044195065889188,0.017044195065889188
topological_torsion_bit_0024,-0.016975826263421027,0.016975826263421027
rdk_path_bit_0077,0.016968219925541733,0.016968219925541733
ecfp6_bit_0012,0.016902699147659947,0.016902699147659947
rdk_path_bit_0524,-0.01688910912663984,0.01688910912663984
topological_torsion_bit_0026,-0.0166445949645435,0.0166445949645435
rdk_path_bit_0719,0.016576282664926452,0.016576282664926452
rdk_path_bit_0944,-0.016569713852942283,0.016569713852942283
layered_bit_0042,0.016549718700083607,0.016549718700083607
fcfp6_bit_0170,-0.016458184975672724,0.016458184975672724
ecfp6_bit_0257,-0.01641816207365417,0.01641816207365417
fcfp6_bit_0836,0.01623151733241063,0.01623151733241063
rdk_path_bit_0773,-0.01614455300948391,0.01614455300948391
layered_bit_0571,-0.016142287173801693,0.016142287173801693
avalon_count_0655,-0.016024817546777745,0.016024817546777745
avalon_count_0719,-0.01602136368228396,0.01602136368228396
fcfp6_bit_1006,0.015941384389253643,0.015941384389253643
layered_bit_0725,-0.015844226027067056,0.015844226027067056
morgan_bit_0521,-0.01583372592323508,0.01583372592323508
rdk_path_bit_0371,0.015831882427916884,0.015831882427916884
avalon_count_0489,-0.01580831887180343,0.01580831887180343
rdk_path_bit_0923,-0.015793374597158676,0.015793374597158676
layered_bit_1001,0.015770869553747867,0.015770869553747867
atom_pair_bit_0486,0.015712296221579335,0.015712296221579335
maplight_morgan_0426,-0.015624431525946166,0.015624431525946166
morgan_bit_0187,0.015540256845698425,0.015540256845698425
ecfp6_bit_0267,0.015380668542110943,0.015380668542110943
fcfp6_bit_0630,0.015373181250409484,0.015373181250409484
avalon_count_0901,0.015353787675249534,0.015353787675249534
erg_137,0.015254592876219678,0.015254592876219678
fcfp6_bit_0586,-0.015219868551188453,0.015219868551188453
atom_pair_bit_0676,-0.015169579193790667,0.015169579193790667
atom_pair_bit_0824,-0.015145786538243597,0.015145786538243597
maplight_morgan_0307,-0.015061252828319665,0.015061252828319665
ecfp6_bit_0455,-0.015023379113927014,0.015023379113927014
avalon_count_0626,-0.014987691479104078,0.014987691479104078
ecfp6_bit_0319,-0.014975759676712129,0.014975759676712129
topological_torsion_bit_0596,0.01497151939744361,0.01497151939744361
avalon_count_0186,-0.01493588454861395,0.01493588454861395
ecfp6_bit_0587,-0.014842848569197908,0.014842848569197908
ecfp6_bit_0527,0.014839012016652654,0.014839012016652654
atom_pair_bit_0775,0.014784724571665542,0.014784724571665542
avalon_count_0541,0.014762676017081278,0.014762676017081278
fcfp6_bit_0596,-0.014727181316849264,0.014727181316849264
rdk_path_bit_0256,0.01471077411670602,0.01471077411670602
topological_torsion_bit_0680,-0.01469327446391193,0.01469327446391193
ecfp6_bit_0927,-0.014503143880136514,0.014503143880136514
ecfp6_bit_0537,0.014444649612744633,0.014444649612744633
avalon_count_0891,-0.014443619047829556,0.014443619047829556
atom_pair_bit_0783,-0.014355802449326232,0.014355802449326232
maccs_bit_142,-0.014289508614265933,0.014289508614265933
morgan_bit_0728,0.014286226727868133,0.014286226727868133
topological_torsion_bit_0830,-0.014208249086136012,0.014208249086136012
layered_bit_0303,-0.014173004594045,0.014173004594045
rdk_path_bit_0720,0.014071410759806674,0.014071410759806674
morgan_bit_0416,-0.013990582243168794,0.013990582243168794
maplight_morgan_0723,-0.01397807505173784,0.01397807505173784
layered_bit_0265,0.013950770836259145,0.013950770836259145
ecfp6_bit_0814,-0.013932182723046933,0.013932182723046933
erg_077,-0.013916036718065865,0.013916036718065865
maplight_morgan_0948,-0.013720596281263932,0.013720596281263932
topological_torsion_bit_0653,-0.013687021162558358,0.013687021162558358
erg_221,-0.013539756906929658,0.013539756906929658
rdk_path_bit_0714,0.013456767021703706,0.013456767021703706
topological_torsion_bit_0204,-0.013452793282020545,0.013452793282020545
fcfp6_bit_0936,0.013290298430282465,0.013290298430282465
topological_torsion_bit_0060,0.013253192322509783,0.013253192322509783
rdkit_FpDensityMorgan1,-0.013239251124616672,0.013239251124616672
fcfp6_bit_0941,0.013218260865673527,0.013218260865673527
maplight_morgan_0258,0.013179606405245767,0.013179606405245767
maccs_bit_116,-0.013134988644860863,0.013134988644860863
rdk_path_bit_0514,-0.013072082883320294,0.013072082883320294
layered_bit_0201,-0.013026053190936528,0.013026053190936528
rdk_path_bit_0991,0.013020117504846994,0.013020117504846994
avalon_count_0892,-0.01298807720630185,0.01298807720630185
maplight_morgan_0275,0.012952945382163324,0.012952945382163324
maplight_morgan_0155,-0.012869079302882199,0.012869079302882199
ecfp6_bit_0659,0.012848976628147006,0.012848976628147006
avalon_count_0917,-0.012743975022829469,0.012743975022829469
layered_bit_0734,-0.01268573675636116,0.01268573675636116
maplight_morgan_0130,0.012629665654987535,0.012629665654987535
fcfp6_bit_0213,0.012554329177128766,0.012554329177128766
rdk_path_bit_0342,0.012517391730705894,0.012517391730705894
atom_pair_bit_0141,0.012516453282858785,0.012516453282858785
fcfp6_bit_0633,-0.012493399993909983,0.012493399993909983
morgan_bit_0281,0.012481459992793521,0.012481459992793521
fcfp6_bit_0757,0.012430937955984815,0.012430937955984815
erg_126,-0.012271269985822241,0.012271269985822241
morgan_bit_0176,-0.01225833321499865,0.01225833321499865
fcfp6_bit_0625,0.012203976839825327,0.012203976839825327
ecfp6_bit_0651,0.012177418038746427,0.012177418038746427
maccs_bit_069,-0.012172059953506939,0.012172059953506939
layered_bit_0275,-0.012151276360195749,0.012151276360195749
topological_torsion_bit_0352,0.012079390200487847,0.012079390200487847
ecfp6_bit_0246,-0.012070547490301358,0.012070547490301358
rdk_path_bit_0985,0.011998138841000138,0.011998138841000138
rdk_path_bit_0957,-0.011957094933624457,0.011957094933624457
avalon_count_0083,0.011939095377453416,0.011939095377453416
avalon_count_0692,0.011933180641652129,0.011933180641652129
rdk_path_bit_0399,-0.01192509093457112,0.01192509093457112
erg_201,0.011905838828452581,0.011905838828452581
layered_bit_0815,0.011864294415375959,0.011864294415375959
fcfp6_bit_0091,-0.011853382065906536,0.011853382065906536
rdk_path_bit_0760,0.011820376792596808,0.011820376792596808
atom_pair_bit_0424,-0.01177547966555158,0.01177547966555158
avalon_count_0249,0.011753613282210808,0.011753613282210808
fcfp6_bit_0967,-0.011739084849862599,0.011739084849862599
avalon_count_0538,-0.011725681065397323,0.011725681065397323
topological_torsion_bit_0409,-0.011687105933210968,0.011687105933210968
fcfp6_bit_0642,-0.011681152756354013,0.011681152756354013
ecfp6_bit_0288,-0.011638959886203459,0.011638959886203459
fcfp6_bit_0337,-0.011622570132204657,0.011622570132204657
layered_bit_0593,-0.01157094915903503,0.01157094915903503
rdk_path_bit_0271,-0.011541282562099188,0.011541282562099188
morgan_bit_0351,-0.011539582057750337,0.011539582057750337
layered_bit_0015,0.0115343649296341,0.0115343649296341
fcfp6_bit_0641,0.011491183620828993,0.011491183620828993
fcfp6_bit_0307,-0.011488752743772746,0.011488752743772746
maplight_morgan_0302,-0.011410686840750849,0.011410686840750849
rdk_path_bit_0523,-0.011401066053169588,0.011401066053169588
fcfp6_bit_0861,-0.011379919644805198,0.011379919644805198
fcfp6_bit_0077,0.011376764230494628,0.011376764230494628
maccs_bit_111,-0.011354251261196397,0.011354251261196397
rdk_path_bit_0772,0.011342792654304115,0.011342792654304115
avalon_count_0396,-0.01125223800665235,0.01125223800665235
fcfp6_bit_0046,-0.01119629192600999,0.01119629192600999
ecfp6_bit_0317,0.011187862371090073,0.011187862371090073
avalon_count_0423,-0.011150051737956523,0.011150051737956523
erg_138,0.01113961338530383,0.01113961338530383
fcfp6_bit_0741,-0.011131924115239625,0.011131924115239625
ecfp6_bit_0209,-0.011072518887575272,0.011072518887575272
layered_bit_0760,0.010962855244491082,0.010962855244491082
atom_pair_bit_0982,0.010936123183640288,0.010936123183640288
atom_pair_bit_0164,0.010904511633242166,0.010904511633242166
ecfp6_bit_0122,0.01087075396062133,0.01087075396062133
rdk_path_bit_0800,-0.010856354332689198,0.010856354332689198
topological_torsion_bit_0997,-0.010819484354405638,0.010819484354405638
topological_torsion_bit_0576,-0.010750430362634653,0.010750430362634653
avalon_count_0232,0.010549656035710633,0.010549656035710633
ecfp6_bit_0323,-0.010529462162911509,0.010529462162911509
morgan_bit_0636,0.010443132011534531,0.010443132011534531
ecfp6_bit_0495,-0.010410099407435333,0.010410099407435333
ecfp6_bit_0444,-0.010408216955950837,0.010408216955950837
ecfp6_bit_0293,-0.01040093264891705,0.01040093264891705
layered_bit_1016,0.010396958068331139,0.010396958068331139
ecfp6_bit_0401,0.010387967088792372,0.010387967088792372
atom_pair_bit_0221,0.01037290667924868,0.01037290667924868
topological_torsion_bit_0553,0.010359648162816043,0.010359648162816043
avalon_count_0934,-0.010305022342241208,0.010305022342241208
avalon_count_0757,-0.010274044039391939,0.010274044039391939
fcfp6_bit_1022,-0.010229311671331063,0.010229311671331063
morgan_bit_0773,0.010220232606188628,0.010220232606188628
avalon_count_0348,-0.010215854116516722,0.010215854116516722
avalon_count_0016,0.010168219032167317,0.010168219032167317
fcfp6_bit_0896,-0.010162501403135914,0.010162501403135914
avalon_count_0054,-0.01015038250514377,0.01015038250514377
layered_bit_0911,0.010105362528389467,0.010105362528389467
atom_pair_bit_0284,0.009953603737683232,0.009953603737683232
fcfp6_bit_0819,-0.009948507694664578,0.009948507694664578
erg_195,-0.00993867032365749,0.00993867032365749
avalon_count_0927,0.009927194884718793,0.009927194884718793
layered_bit_0339,-0.009907688164594287,0.009907688164594287
erg_164,-0.009885712715312201,0.009885712715312201
fcfp6_bit_0440,0.009842717968458781,0.009842717968458781
avalon_count_0388,-0.009799869785405984,0.009799869785405984
avalon_count_0313,0.009719540733292661,0.009719540733292661
avalon_count_0364,-0.009669257718708659,0.009669257718708659
ecfp6_bit_0507,-0.009667271787746661,0.009667271787746661
atom_pair_bit_0208,-0.00964449694663005,0.00964449694663005
maplight_morgan_0596,0.009628879263748988,0.009628879263748988
atom_pair_bit_0051,-0.00962679808771168,0.00962679808771168
rdk_path_bit_0471,0.00962578602937395,0.00962578602937395
fcfp6_bit_0142,0.00961800826803537,0.00961800826803537
fcfp6_bit_0143,0.009594997933911097,0.009594997933911097
layered_bit_0817,-0.009592880173988738,0.009592880173988738
morgan_bit_0260,-0.009581104025630664,0.009581104025630664
fcfp6_bit_0976,0.009524726454653803,0.009524726454653803
ecfp6_bit_0727,0.009439077953854678,0.009439077953854678
fcfp6_bit_0239,-0.009431669556587528,0.009431669556587528
rdk_path_bit_0344,0.009366283114498547,0.009366283114498547
ecfp6_bit_0761,-0.009333799700337956,0.009333799700337956
atom_pair_bit_0713,-0.009332932241425772,0.009332932241425772
rdkit_fr_aldehyde,-0.009307801755862618,0.009307801755862618
fcfp6_bit_0222,-0.009250647665715553,0.009250647665715553
layered_bit_0031,-0.009233738199603282,0.009233738199603282
atom_pair_bit_0977,0.009187878397196729,0.009187878397196729
fcfp6_bit_0022,0.009126919394676304,0.009126919394676304
topological_torsion_bit_0725,-0.009120351445905386,0.009120351445905386
avalon_count_0783,0.008973524734969322,0.008973524734969322
maplight_morgan_0408,0.008947202331426823,0.008947202331426823
atom_pair_bit_0450,0.008946052799299366,0.008946052799299366
atom_pair_bit_0841,0.008937290502985737,0.008937290502985737
morgan_bit_0946,-0.008913581571552925,0.008913581571552925
layered_bit_1003,0.00890789992063121,0.00890789992063121
rdk_path_bit_0387,-0.008849256387629267,0.008849256387629267
atom_pair_bit_0587,-0.00882755222419871,0.00882755222419871
atom_pair_bit_0624,-0.008808008177594853,0.008808008177594853
rdk_path_bit_0988,0.008780872208193163,0.008780872208193163
avalon_count_0998,-0.008757759791034818,0.008757759791034818
ecfp6_bit_0515,0.008754418974288511,0.008754418974288511
ecfp6_bit_0524,0.008739120768346868,0.008739120768346868
atom_pair_bit_0268,0.008731715769639768,0.008731715769639768
fcfp6_bit_0653,-0.008707791898012861,0.008707791898012861
avalon_count_0607,-0.008683299340445596,0.008683299340445596
avalon_count_0047,-0.008673077356068126,0.008673077356068126
ecfp6_bit_0189,0.008631292130660068,0.008631292130660068
rdk_path_bit_0457,-0.008624523521150186,0.008624523521150186
avalon_count_0399,-0.008617334084836096,0.008617334084836096
ecfp6_bit_0454,-0.008610442603521827,0.008610442603521827
layered_bit_0856,-0.008557843803349612,0.008557843803349612
fcfp6_bit_0338,-0.008552764819616938,0.008552764819616938
erg_041,-0.00853877385292496,0.00853877385292496
rdkit_BalabanJ,-0.008514765827707485,0.008514765827707485
fcfp6_bit_0012,-0.00851471732369728,0.00851471732369728
fcfp6_bit_0265,-0.008460332689447498,0.008460332689447498
topological_torsion_bit_0536,-0.00838668129281078,0.00838668129281078
maplight_morgan_0358,-0.00838528721398833,0.00838528721398833
atom_pair_bit_0516,-0.008379333090325028,0.008379333090325028
fcfp6_bit_0504,-0.008372554353546861,0.008372554353546861
fcfp6_bit_0270,-0.008370623111080264,0.008370623111080264
atom_pair_bit_0914,0.008370153144939356,0.008370153144939356
fcfp6_bit_0160,0.008326131813042576,0.008326131813042576
avalon_count_0527,0.008262520518903907,0.008262520518903907
fcfp6_bit_0195,0.00825913456091852,0.00825913456091852
rdk_path_bit_0422,-0.008199979392412649,0.008199979392412649
fcfp6_bit_0758,0.008167207091903496,0.008167207091903496
avalon_count_0965,-0.00813559529803997,0.00813559529803997
ecfp6_bit_0955,0.008109832772077458,0.008109832772077458
ecfp6_bit_0654,0.008025321911594207,0.008025321911594207
ecfp6_bit_1014,-0.00799921243742861,0.00799921243742861
atom_pair_bit_0675,0.007994663879228456,0.007994663879228456
rdk_path_bit_0282,0.007986850955614322,0.007986850955614322
avalon_count_0248,0.007954925268438072,0.007954925268438072
avalon_count_0589,0.007951659661683805,0.007951659661683805
fcfp6_bit_0810,-0.007945254706107659,0.007945254706107659
rdk_path_bit_0729,0.007892129749085637,0.007892129749085637
atom_pair_bit_0843,0.007861491529546245,0.007861491529546245
rdk_path_bit_0417,-0.007773996141479496,0.007773996141479496
atom_pair_bit_0095,0.0077341036719387355,0.0077341036719387355
avalon_count_0948,-0.007730947394787174,0.007730947394787174
morgan_bit_0827,-0.007718009033193899,0.007718009033193899
fcfp6_bit_0500,0.007716043383882222,0.007716043383882222
fcfp6_bit_0196,-0.007712734942200983,0.007712734942200983
maplight_morgan_0086,0.0076633457235147345,0.0076633457235147345
ecfp6_bit_0287,-0.00765166929407662,0.00765166929407662
maplight_morgan_0525,0.007647159899745604,0.007647159899745604
erg_313,-0.007560236054800979,0.007560236054800979
layered_bit_0924,0.007547441034262315,0.007547441034262315
maplight_morgan_0146,-0.0075134495710433855,0.0075134495710433855
atom_pair_bit_0555,0.007511740901359711,0.007511740901359711
atom_pair_bit_0156,0.00747192504190439,0.00747192504190439
rdk_path_bit_0706,-0.007435124621647445,0.007435124621647445
maccs_bit_045,0.00739624030525278,0.00739624030525278
morgan_bit_0758,0.0073948818895530994,0.0073948818895530994
erg_128,-0.007380533041721653,0.007380533041721653
ecfp6_bit_0145,0.007364598447118372,0.007364598447118372
rdkit_SlogP_VSA4,0.007362206786271152,0.007362206786271152
morgan_bit_0610,0.0073557044792613045,0.0073557044792613045
rdk_path_bit_0566,-0.007334514108598779,0.007334514108598779
maccs_bit_104,-0.0073238867812510855,0.0073238867812510855
atom_pair_bit_0081,0.007307883876199975,0.007307883876199975
avalon_count_0943,0.007304892324878063,0.007304892324878063
erg_265,-0.007293559198369435,0.007293559198369435
fcfp6_bit_0732,-0.007262923757854672,0.007262923757854672
rdk_path_bit_0306,0.007238727547830619,0.007238727547830619
maplight_morgan_0673,-0.007232583761369628,0.007232583761369628
fcfp6_bit_0267,-0.007229380529858862,0.007229380529858862
topological_torsion_bit_0140,-0.0072207068383964195,0.0072207068383964195
avalon_count_0321,-0.007217086905634071,0.007217086905634071
morgan_bit_0080,-0.0071675993904858305,0.0071675993904858305
fcfp6_bit_0181,0.007128353603078951,0.007128353603078951
topological_torsion_bit_0845,-0.007045832869474773,0.007045832869474773
morgan_bit_0618,0.006965243339368424,0.006965243339368424
rdk_path_bit_0379,0.006874444095618264,0.006874444095618264
rdk_path_bit_0174,0.006870360824280105,0.006870360824280105
erg_063,0.006856276568945626,0.006856276568945626
maplight_morgan_0440,0.0068538677543319515,0.0068538677543319515
topological_torsion_bit_0514,0.006843392425571027,0.006843392425571027
topological_torsion_bit_0265,-0.006804059745589577,0.006804059745589577
topological_torsion_bit_0393,0.006785057908252964,0.006785057908252964
atom_pair_bit_0761,0.006768710388063125,0.006768710388063125
erg_110,-0.006743822795104182,0.006743822795104182
layered_bit_0415,0.00672123991170842,0.00672123991170842
ecfp6_bit_0696,-0.006720748443724095,0.006720748443724095
topological_torsion_bit_0317,0.006707486302323006,0.006707486302323006
atom_pair_bit_0028,0.006688660357376891,0.006688660357376891
topological_torsion_bit_0740,-0.006635138929471039,0.006635138929471039
ecfp6_bit_0231,0.006618641013623524,0.006618641013623524
avalon_count_0777,-0.006616900507716263,0.006616900507716263
rdk_path_bit_0459,-0.00660220938969895,0.00660220938969895
maplight_morgan_0883,-0.0065991739070773315,0.0065991739070773315
ecfp6_bit_0501,0.006588676736921744,0.006588676736921744
rdk_path_bit_0937,0.006519349955476215,0.006519349955476215
fcfp6_bit_0978,-0.006493420816391468,0.006493420816391468
morgan_bit_0076,0.006437274289018985,0.006437274289018985
atom_pair_bit_0244,0.0064285164769753,0.0064285164769753
fcfp6_bit_0144,-0.006398757233085723,0.006398757233085723
avalon_count_0431,-0.006335430061956571,0.006335430061956571
rdk_path_bit_0621,-0.0063191617196778575,0.0063191617196778575
ecfp6_bit_0580,0.00630709290270464,0.00630709290270464
morgan_bit_0420,-0.00630215302501477,0.00630215302501477
avalon_count_0797,0.006298389030718996,0.006298389030718996
layered_bit_0096,0.0062833795404579505,0.0062833795404579505
fcfp6_bit_0873,0.00628117679792201,0.00628117679792201
fcfp6_bit_0910,0.006270015643631029,0.006270015643631029
rdk_path_bit_0983,0.006267411352066111,0.006267411352066111
ecfp6_bit_0192,0.00624917469934224,0.00624917469934224
fcfp6_bit_0750,0.006239207155965005,0.006239207155965005
fcfp6_bit_0544,0.0062123164988585906,0.0062123164988585906
maccs_bit_037,0.006177798562401554,0.006177798562401554
fcfp6_bit_0070,-0.006134942049422598,0.006134942049422598
avalon_count_0712,0.00612968371066352,0.00612968371066352
layered_bit_0078,0.006071018556320059,0.006071018556320059
avalon_count_0217,-0.006064966601527098,0.006064966601527098
ecfp6_bit_0170,0.006053520690180122,0.006053520690180122
ecfp6_bit_0085,0.006046936518253974,0.006046936518253974
ecfp6_bit_0353,0.006022262529528571,0.006022262529528571
ecfp6_bit_0979,-0.006015069926082756,0.006015069926082756
maplight_morgan_0430,0.0059997981920151405,0.0059997981920151405
layered_bit_0346,0.005993264896650214,0.005993264896650214
topological_torsion_bit_0516,0.005932753254774926,0.005932753254774926
topological_torsion_bit_0552,0.0059255251201439435,0.0059255251201439435
maplight_morgan_0082,-0.005874002397745874,0.005874002397745874
topological_torsion_bit_0160,0.005872127778314251,0.005872127778314251
rdk_path_bit_0633,0.005853652637567793,0.005853652637567793
erg_240,-0.005797864347190389,0.005797864347190389
avalon_count_0640,-0.005791128489170022,0.005791128489170022
maplight_morgan_0799,0.0057734402713970085,0.0057734402713970085
rdk_path_bit_0189,0.0057544816434192845,0.0057544816434192845
rdk_path_bit_0357,-0.005740035552738527,0.005740035552738527
layered_bit_0271,-0.005733431227744666,0.005733431227744666
ecfp6_bit_0755,0.005723180803938973,0.005723180803938973
atom_pair_bit_0479,0.005696423631894071,0.005696423631894071
fcfp6_bit_0980,-0.00562714655149772,0.00562714655149772
layered_bit_0219,-0.0055931984543673985,0.0055931984543673985
rdk_path_bit_0070,0.005550592223002898,0.005550592223002898
fcfp6_bit_0285,-0.0055356364275475495,0.0055356364275475495
fcfp6_bit_0702,-0.005533610493582918,0.005533610493582918
ecfp6_bit_0601,-0.005483824321242123,0.005483824321242123
morgan_bit_0987,0.005478428480933467,0.005478428480933467
topological_torsion_bit_0741,-0.005447834328622208,0.005447834328622208
avalon_count_0615,-0.00543176609570381,0.00543176609570381
ecfp6_bit_0661,0.005421257019635421,0.005421257019635421
fcfp6_bit_0202,0.005374497871087206,0.005374497871087206
fcfp6_bit_0515,-0.0053568812726382,0.0053568812726382
morgan_bit_0873,-0.005319615616738506,0.005319615616738506
morgan_bit_0883,-0.005296375954314135,0.005296375954314135
maplight_morgan_0349,0.005232592316518833,0.005232592316518833
fcfp6_bit_0452,0.005231992872620163,0.005231992872620163
layered_bit_0893,-0.005220630648513231,0.005220630648513231
layered_bit_0477,-0.005212303568050368,0.005212303568050368
erg_216,-0.005144077110599962,0.005144077110599962
avalon_count_0022,-0.005141227145671282,0.005141227145671282
topological_torsion_bit_0549,-0.005127610169177771,0.005127610169177771
atom_pair_bit_0122,0.005117849168912668,0.005117849168912668
fcfp6_bit_0399,0.0050945330227692995,0.0050945330227692995
atom_pair_bit_0763,-0.005093026220797327,0.005093026220797327
ecfp6_bit_0275,0.005070040962804179,0.005070040962804179
maplight_morgan_0168,0.0050657506223371705,0.0050657506223371705
rdk_path_bit_0975,-0.005054475887748577,0.005054475887748577
morgan_bit_0284,-0.005045920592664282,0.005045920592664282
morgan_bit_0767,0.005037009328283911,0.005037009328283911
atom_pair_bit_0082,0.005035433361651724,0.005035433361651724
fcfp6_bit_0055,0.0050238256518073425,0.0050238256518073425
ecfp6_bit_0065,-0.0049639375991489,0.0049639375991489
rdkit_EState_VSA5,-0.004960825085063439,0.004960825085063439
layered_bit_0101,0.004952905393374303,0.004952905393374303
avalon_count_0254,0.004950107667379966,0.004950107667379966
rdk_path_bit_0335,-0.004935966307302393,0.004935966307302393
morgan_bit_0267,0.004917836385836142,0.004917836385836142
fcfp6_bit_0118,0.004874292907782414,0.004874292907782414
rdk_path_bit_0358,-0.004861040664004228,0.004861040664004228
topological_torsion_bit_0101,0.004809277319615221,0.004809277319615221
rdk_path_bit_0933,0.004807410961863548,0.004807410961863548
topological_torsion_bit_0384,-0.004779256976598813,0.004779256976598813
morgan_bit_0159,-0.0047727247140452525,0.0047727247140452525
atom_pair_bit_0625,-0.004753907174432904,0.004753907174432904
maplight_morgan_0917,0.004743607174886523,0.004743607174886523
ecfp6_bit_0750,-0.0047188703454280395,0.0047188703454280395
avalon_count_0898,-0.00469778773823621,0.00469778773823621
fcfp6_bit_0712,0.004695094571343458,0.004695094571343458
morgan_bit_0871,-0.004667065973797005,0.004667065973797005
fcfp6_bit_0190,0.004663565690421473,0.004663565690421473
atom_pair_bit_0178,0.004638844155282928,0.004638844155282928
fcfp6_bit_0574,-0.0046170351405588166,0.0046170351405588166
rdk_path_bit_0747,0.004582969062306231,0.004582969062306231
maplight_morgan_0518,0.0045740828530395,0.0045740828530395
maplight_morgan_0737,-0.004557669771518016,0.004557669771518016
topological_torsion_bit_0408,-0.004557264667467898,0.004557264667467898
topological_torsion_bit_0793,-0.004493414370652844,0.004493414370652844
rdk_path_bit_0946,0.0044901705029291765,0.0044901705029291765
topological_torsion_bit_0472,0.004480955276338454,0.004480955276338454
ecfp6_bit_0436,-0.004474526389839437,0.004474526389839437
topological_torsion_bit_0410,-0.00446190883398104,0.00446190883398104
atom_pair_bit_0436,0.004443108521116796,0.004443108521116796
erg_139,0.004431833114488311,0.004431833114488311
morgan_bit_0501,0.004410241197891951,0.004410241197891951
fcfp6_bit_0706,-0.004407021356357385,0.004407021356357385
fcfp6_bit_0722,0.00440595295486955,0.00440595295486955
fcfp6_bit_0538,-0.004381556448906284,0.004381556448906284
atom_pair_bit_1022,0.004352000967808761,0.004352000967808761
fcfp6_bit_0304,-0.004350197083187081,0.004350197083187081
fcfp6_bit_0457,0.0043450738032100545,0.0043450738032100545
ecfp6_bit_0961,-0.0042998068091235605,0.0042998068091235605
maplight_morgan_0680,0.004294333197655085,0.004294333197655085
fcfp6_bit_0314,-0.004293718691364141,0.004293718691364141
layered_bit_0212,0.004280285926880636,0.004280285926880636
layered_bit_0546,-0.004265417101590622,0.004265417101590622
ecfp6_bit_0535,-0.004261258271162794,0.004261258271162794
fcfp6_bit_0231,0.004260388370010933,0.004260388370010933
fcfp6_bit_0661,0.004240071271320176,0.004240071271320176
rdk_path_bit_0735,-0.004237860451968428,0.004237860451968428
ecfp6_bit_0652,-0.004232197217914868,0.004232197217914868
erg_160,0.0042149123260452545,0.0042149123260452545
fcfp6_bit_0166,0.004198297738254733,0.004198297738254733
atom_pair_bit_0333,-0.004192174293573659,0.004192174293573659
rdk_path_bit_0167,-0.004191446738976001,0.004191446738976001
atom_pair_bit_0481,-0.004171467078876831,0.004171467078876831
ecfp6_bit_0380,-0.004117952446329331,0.004117952446329331
maplight_morgan_0573,0.004092592806508574,0.004092592806508574
morgan_bit_0761,-0.004068250913223437,0.004068250913223437
avalon_count_0505,0.004042853891444481,0.004042853891444481
morgan_bit_0458,0.003991979556470687,0.003991979556470687
rdkit_NumUnspecifiedAtomStereoCenters,-0.00397902111463688,0.00397902111463688
rdk_path_bit_0610,-0.003975792496917357,0.003975792496917357
erg_245,-0.003956686387079583,0.003956686387079583
morgan_bit_0483,-0.003944480265577959,0.003944480265577959
avalon_count_0583,0.0038839793835994682,0.0038839793835994682
rdk_path_bit_0201,0.0038781917039805167,0.0038781917039805167
fcfp6_bit_0539,0.0038598032683331684,0.0038598032683331684
ecfp6_bit_0116,0.0038302494545673343,0.0038302494545673343
layered_bit_0718,-0.0038155539883171045,0.0038155539883171045
fcfp6_bit_0975,0.0037964385779114245,0.0037964385779114245
ecfp6_bit_0794,0.00378356229772825,0.00378356229772825
topological_torsion_bit_0212,0.003772388667277824,0.003772388667277824
avalon_count_0140,0.003750489856386599,0.003750489856386599
ecfp6_bit_0044,-0.0037384964061055155,0.0037384964061055155
fcfp6_bit_0737,-0.00370410474640727,0.00370410474640727
avalon_count_0053,-0.0036958800135694675,0.0036958800135694675
rdk_path_bit_0811,0.0036856886642611035,0.0036856886642611035
maplight_morgan_0398,-0.003637531075712441,0.003637531075712441
morgan_bit_0701,0.0036235693081012473,0.0036235693081012473
avalon_count_0250,0.0035811573360089357,0.0035811573360089357
maplight_morgan_0411,-0.003575909335742191,0.003575909335742191
morgan_bit_0971,-0.003546098101902839,0.003546098101902839
layered_bit_0007,0.0035349783898609606,0.0035349783898609606
morgan_bit_0686,0.0035098480595393148,0.0035098480595393148
maplight_morgan_0025,-0.0034881458183973987,0.0034881458183973987
atom_pair_bit_0812,-0.003444669329914348,0.003444669329914348
fcfp6_bit_0818,0.0034423485606603454,0.0034423485606603454
avalon_count_0152,0.0033861940272492995,0.0033861940272492995
morgan_bit_0779,0.003360757052636976,0.003360757052636976
rdk_path_bit_0577,0.0033555430393815036,0.0033555430393815036
maplight_morgan_0672,0.0033523414838147717,0.0033523414838147717
atom_pair_bit_0704,0.003351719852016228,0.003351719852016228
avalon_count_1017,0.0033373738339639828,0.0033373738339639828
topological_torsion_bit_0808,-0.0033320972852955264,0.0033320972852955264
maplight_morgan_0842,-0.003328841832704179,0.003328841832704179
fcfp6_bit_0242,-0.003304516751015539,0.003304516751015539
maplight_morgan_0765,0.003271138489425287,0.003271138489425287
fcfp6_bit_0765,-0.0032511740710807354,0.0032511740710807354
maplight_morgan_0725,-0.003230901987526377,0.003230901987526377
erg_176,-0.003230237338989022,0.003230237338989022
atom_pair_bit_0680,0.003217885647730268,0.003217885647730268
maplight_morgan_0897,-0.0032082484459868324,0.0032082484459868324
fcfp6_bit_0905,0.003193288377244039,0.003193288377244039
topological_torsion_bit_0906,-0.0031847090575591497,0.0031847090575591497
rdk_path_bit_0639,-0.003184470667504214,0.003184470667504214
fcfp6_bit_0852,0.003180386907966747,0.003180386907966747
fcfp6_bit_0308,0.0031603013424571697,0.0031603013424571697
erg_035,-0.0031569858286141657,0.0031569858286141657
maplight_morgan_0401,0.003152189462814653,0.003152189462814653
maplight_morgan_1005,0.0031433508547274638,0.0031433508547274638
rdk_path_bit_0736,-0.0031408878222903896,0.0031408878222903896
rdk_path_bit_0738,0.003129535073553977,0.003129535073553977
maplight_morgan_0133,0.003125026984060098,0.003125026984060098
topological_torsion_bit_0614,-0.0031240509878860223,0.0031240509878860223
erg_127,-0.0031121685629089384,0.0031121685629089384
atom_pair_bit_0132,0.0030583488190444497,0.0030583488190444497
maplight_morgan_0728,0.003021287492013516,0.003021287492013516
fcfp6_bit_1000,0.0030203130810129955,0.0030203130810129955
layered_bit_0302,-0.0030093241790995766,0.0030093241790995766
rdk_path_bit_0296,0.003002972563750548,0.003002972563750548
avalon_count_1022,-0.0029881077710500327,0.0029881077710500327
ecfp6_bit_0994,-0.002972282670103501,0.002972282670103501
erg_306,0.002964654178586532,0.002964654178586532
avalon_count_0880,-0.0029459811960987287,0.0029459811960987287
ecfp6_bit_0152,-0.0029434664036036852,0.0029434664036036852
avalon_count_0204,-0.002884782708108921,0.002884782708108921
fcfp6_bit_0049,-0.002805942889681313,0.002805942889681313
ecfp6_bit_0277,0.002792820590688105,0.002792820590688105
rdk_path_bit_0874,-0.0027882986008776985,0.0027882986008776985
maccs_bit_107,0.00276788406500631,0.00276788406500631
rdk_path_bit_0769,-0.002765950077727979,0.002765950077727979
rdk_path_bit_0899,0.0027625677392879777,0.0027625677392879777
fcfp6_bit_0795,-0.0027459137589967105,0.0027459137589967105
rdk_path_bit_0361,-0.0027439356214638815,0.0027439356214638815
fcfp6_bit_0645,-0.0027345301387707304,0.0027345301387707304
erg_310,0.0027313100448137055,0.0027313100448137055
morgan_bit_0331,-0.0027092543986076624,0.0027092543986076624
rdk_path_bit_0456,-0.002699604265281738,0.002699604265281738
fcfp6_bit_0073,0.0026932468654803973,0.0026932468654803973
rdk_path_bit_0945,0.0026814130617847697,0.0026814130617847697
ecfp6_bit_0964,0.002640511376682936,0.002640511376682936
atom_pair_bit_0510,0.002630412140168977,0.002630412140168977
rdk_path_bit_0932,0.002623708152087309,0.002623708152087309
erg_252,0.002617884019920767,0.002617884019920767
ecfp6_bit_0765,0.002617337119242768,0.002617337119242768
fcfp6_bit_0587,-0.0026055643844613684,0.0026055643844613684
maplight_morgan_0265,0.0025978558957017316,0.0025978558957017316
ecfp6_bit_0453,0.002577882601425637,0.002577882601425637
layered_bit_0688,-0.0025720884020324066,0.0025720884020324066
atom_pair_bit_0773,-0.002567436496886073,0.002567436496886073
avalon_count_0687,0.0025606968137819775,0.0025606968137819775
avalon_count_0472,0.0025416935256098805,0.0025416935256098805
maplight_morgan_0092,-0.0025328552868120243,0.0025328552868120243
rdk_path_bit_0215,0.0025298289071235625,0.0025298289071235625
topological_torsion_bit_0749,0.002516526060437145,0.002516526060437145
maplight_morgan_0471,-0.0025015392239482576,0.0025015392239482576
rdk_path_bit_0244,-0.002474448859103491,0.002474448859103491
morgan_bit_0432,0.0024653696546011253,0.0024653696546011253
fcfp6_bit_0738,-0.00246174856913105,0.00246174856913105
ecfp6_bit_0997,0.0023938218347328423,0.0023938218347328423
avalon_count_0251,-0.0023799867938299477,0.0023799867938299477
atom_pair_bit_0047,-0.002378976505429296,0.002378976505429296
topological_torsion_bit_0050,0.002373451089213443,0.002373451089213443
avalon_count_0740,0.0023579453503971776,0.0023579453503971776
ecfp6_bit_0280,-0.0023204054391268132,0.0023204054391268132
ecfp6_bit_0919,0.0023043369168912055,0.0023043369168912055
avalon_count_0188,0.002281051535109865,0.002281051535109865
fcfp6_bit_0954,0.0022345527671154162,0.0022345527671154162
topological_torsion_bit_0316,0.002234288656146776,0.002234288656146776
layered_bit_0558,0.0022075450072100026,0.0022075450072100026
fcfp6_bit_0450,-0.002205706034960887,0.002205706034960887
ecfp6_bit_0242,0.002193886857421781,0.002193886857421781
layered_bit_0918,-0.0021907991754223826,0.0021907991754223826
topological_torsion_bit_0104,0.0021848730095570786,0.0021848730095570786
atom_pair_bit_0353,-0.0021842023793249266,0.0021842023793249266
fcfp6_bit_0437,0.0021604222552409533,0.0021604222552409533
morgan_bit_0167,0.0021545222416652927,0.0021545222416652927
atom_pair_bit_0464,0.0021203778911154177,0.0021203778911154177
fcfp6_bit_0373,-0.002094982254531146,0.002094982254531146
rdk_path_bit_0799,0.0020938287258236627,0.0020938287258236627
ecfp6_bit_0710,0.0020927386010805944,0.0020927386010805944
fcfp6_bit_0346,-0.002070934973714704,0.002070934973714704
fcfp6_bit_0097,-0.0020561371593883324,0.0020561371593883324
fcfp6_bit_0088,-0.0020362307605149106,0.0020362307605149106
fcfp6_bit_0942,-0.002019131235078269,0.002019131235078269
maplight_morgan_0002,0.0020121150814062074,0.0020121150814062074
atom_pair_bit_0334,-0.0020014755873468534,0.0020014755873468534
fcfp6_bit_0815,-0.0019865359898161507,0.0019865359898161507
ecfp6_bit_0901,0.0019811803524885153,0.0019811803524885153
maplight_morgan_0023,0.0019632492380750595,0.0019632492380750595
maplight_morgan_0238,-0.0019294116932700432,0.0019294116932700432
ecfp6_bit_0981,-0.0018975055016168924,0.0018975055016168924
rdk_path_bit_0020,0.001888125857569503,0.001888125857569503
rdk_path_bit_0812,0.0018334477064378444,0.0018334477064378444
ecfp6_bit_0100,-0.0018027932412816277,0.0018027932412816277
rdk_path_bit_0730,0.0018012206259152756,0.0018012206259152756
ecfp6_bit_0459,-0.0017992160482651,0.0017992160482651
rdk_path_bit_0563,-0.001796879316559155,0.001796879316559155
atom_pair_bit_0207,-0.0017807249201573954,0.0017807249201573954
layered_bit_0730,0.0017766709713991655,0.0017766709713991655
atom_pair_bit_0245,0.0017668956807640763,0.0017668956807640763
erg_193,0.0017177291861534218,0.0017177291861534218
ecfp6_bit_0395,0.001682837814567707,0.001682837814567707
rdk_path_bit_0052,0.001679399496640085,0.001679399496640085
fcfp6_bit_0312,0.0016625655654047718,0.0016625655654047718
fcfp6_bit_0720,0.0016535077536954145,0.0016535077536954145
fcfp6_bit_0999,0.0016314241316885247,0.0016314241316885247
fcfp6_bit_0139,0.001621629158776199,0.001621629158776199
maplight_morgan_0546,0.0016176244119855694,0.0016176244119855694
ecfp6_bit_0035,-0.0016143641914361968,0.0016143641914361968
fcfp6_bit_0922,0.001587357088423522,0.001587357088423522
erg_238,0.0015667133534146207,0.0015667133534146207
atom_pair_bit_0668,-0.0015184158224755954,0.0015184158224755954
morgan_bit_0755,0.0015181106164590056,0.0015181106164590056
fcfp6_bit_0113,0.0015172951100556051,0.0015172951100556051
rdk_path_bit_0895,-0.0014927609275674307,0.0014927609275674307
rdk_path_bit_0686,0.0014839039730299413,0.0014839039730299413
rdk_path_bit_0802,0.001463329319678893,0.001463329319678893
morgan_bit_0717,0.0014508682443593551,0.0014508682443593551
fcfp6_bit_0078,-0.0014363180880438298,0.0014363180880438298
erg_123,-0.0014312185193712833,0.0014312185193712833
topological_torsion_bit_0804,-0.0014063030370015332,0.0014063030370015332
rdk_path_bit_0650,0.0013563151541662944,0.0013563151541662944
fcfp6_bit_0784,-0.0013547065309655632,0.0013547065309655632
rdk_path_bit_0448,0.001339175320359524,0.001339175320359524
atom_pair_bit_0414,-0.0013347058986882827,0.0013347058986882827
avalon_count_0033,0.0013164156550669137,0.0013164156550669137
avalon_count_0738,0.0013118806802710123,0.0013118806802710123
avalon_count_0451,0.0013012690140340897,0.0013012690140340897
ecfp6_bit_0130,0.0012886105715738986,0.0012886105715738986
fcfp6_bit_0682,0.0012815997286279473,0.0012815997286279473
rdk_path_bit_0227,0.001243327814878676,0.001243327814878676
fcfp6_bit_0849,0.0012397486616626265,0.0012397486616626265
atom_pair_bit_0322,-0.0012395441641676734,0.0012395441641676734
ecfp6_bit_0676,-0.00123833746297698,0.00123833746297698
layered_bit_0218,0.0012306608057060418,0.0012306608057060418
layered_bit_0455,0.0012231599970767022,0.0012231599970767022
fcfp6_bit_0485,-0.0012149240329686615,0.0012149240329686615
ecfp6_bit_0099,-0.001212222032569378,0.001212222032569378
atom_pair_bit_0508,0.0012018933195813487,0.0012018933195813487
erg_251,0.0011951739453206238,0.0011951739453206238
rdk_path_bit_0011,0.001175565617466217,0.001175565617466217
avalon_count_0007,0.0011727122319239221,0.0011727122319239221
morgan_bit_0573,0.0011565340095835706,0.0011565340095835706
rdk_path_bit_0793,-0.0011537970520017575,0.0011537970520017575
atom_pair_bit_0913,0.0011098574042255982,0.0011098574042255982
layered_bit_0874,-0.0011027762860092338,0.0011027762860092338
avalon_count_0667,0.001099501900702133,0.001099501900702133
atom_pair_bit_0416,0.001098073740925809,0.001098073740925809
fcfp6_bit_0685,0.001088291225652131,0.001088291225652131
ecfp6_bit_1021,-0.001072864799064672,0.001072864799064672
atom_pair_bit_0985,-0.0010714787997580968,0.0010714787997580968
avalon_count_0814,-0.0010522196673195367,0.0010522196673195367
atom_pair_bit_0196,0.0010468036202107114,0.0010468036202107114
erg_267,0.0010419731246909354,0.0010419731246909354
morgan_bit_0626,0.0010385505748920752,0.0010385505748920752
ecfp6_bit_0126,0.0010336667363852585,0.0010336667363852585
topological_torsion_bit_1009,0.0010291254702230817,0.0010291254702230817
morgan_bit_0171,0.001005686690614845,0.001005686690614845
fcfp6_bit_0700,0.0009996844844278713,0.0009996844844278713
fcfp6_bit_0497,0.0009947959416783303,0.0009947959416783303
rdk_path_bit_0090,0.000991049828558098,0.000991049828558098
fcfp6_bit_0542,-0.0009144927103855762,0.0009144927103855762
maplight_morgan_0790,0.000899086496904001,0.000899086496904001
avalon_count_0424,0.0008848332849090072,0.0008848332849090072
ecfp6_bit_0441,0.0008723522613136294,0.0008723522613136294
rdk_path_bit_0893,0.0008687104262756301,0.0008687104262756301
morgan_bit_0461,-0.000867969063068114,0.000867969063068114
avalon_count_0744,0.0008598743474612142,0.0008598743474612142
avalon_count_0304,0.0008574766639896919,0.0008574766639896919
fcfp6_bit_0434,-0.0007933809658429261,0.0007933809658429261
layered_bit_0476,-0.000762401119298418,0.000762401119298418
avalon_count_0558,0.0007447108009741611,0.0007447108009741611
morgan_bit_0849,-0.0007382745345326086,0.0007382745345326086
layered_bit_0052,0.000726092004307691,0.000726092004307691
rdk_path_bit_0235,0.0007081457008854307,0.0007081457008854307
topological_torsion_bit_0008,0.0007033567446853089,0.0007033567446853089
fcfp6_bit_0891,0.0006874937780469082,0.0006874937780469082
avalon_count_0289,0.0006699989839979925,0.0006699989839979925
rdk_path_bit_0279,-0.0006535158814110804,0.0006535158814110804
topological_torsion_bit_0488,-0.0006448861822314306,0.0006448861822314306
morgan_bit_0250,0.000634100375353724,0.000634100375353724
atom_pair_bit_0052,-0.0006184258508511,0.0006184258508511
morgan_bit_0016,0.0005767694306558451,0.0005767694306558451
fcfp6_bit_0243,0.0005763421823121919,0.0005763421823121919
fcfp6_bit_0656,0.0005572393810111227,0.0005572393810111227
ecfp6_bit_0898,0.0005509264518186742,0.0005509264518186742
ecfp6_bit_0315,-0.0005464495877609342,0.0005464495877609342
fcfp6_bit_0093,0.0005386392830375597,0.0005386392830375597
atom_pair_bit_0790,-0.0005335959999792989,0.0005335959999792989
ecfp6_bit_0460,0.0005100927828692202,0.0005100927828692202
ecfp6_bit_1001,0.0004629896787254254,0.0004629896787254254
layered_bit_0117,0.00045921873860357794,0.00045921873860357794
fcfp6_bit_0771,0.00044737280106005767,0.00044737280106005767
morgan_bit_0389,-0.00044218474095200633,0.00044218474095200633
ecfp6_bit_0306,0.000416029907752,0.000416029907752
morgan_bit_0945,0.0003991882332143848,0.0003991882332143848
atom_pair_bit_0487,0.00037640054441945086,0.00037640054441945086
fcfp6_bit_0876,-0.00037463580176957245,0.00037463580176957245
fcfp6_bit_0033,0.00037112673274311136,0.00037112673274311136
rdk_path_bit_0240,0.00035032851407270217,0.00035032851407270217
rdkit_PEOE_VSA6,0.0003396374970008534,0.0003396374970008534
fcfp6_bit_0609,-0.00033310830859264605,0.00033310830859264605
ecfp6_bit_0749,-0.00031896482314549857,0.00031896482314549857
ecfp6_bit_0873,-0.00031616603497163046,0.00031616603497163046
ecfp6_bit_0230,0.0002965675756359513,0.0002965675756359513
fcfp6_bit_0482,-0.000285256402252792,0.000285256402252792
fcfp6_bit_0362,-0.00028460854737812763,0.00028460854737812763
avalon_count_0683,-0.0002264485975499922,0.0002264485975499922
ecfp6_bit_1020,0.00022209776481254683,0.00022209776481254683
fcfp6_bit_0883,0.00021572848947891223,0.00021572848947891223
atom_pair_bit_0828,0.0002134734938591824,0.0002134734938591824
layered_bit_0556,0.000205555112087487,0.000205555112087487
rdkit_fr_ester,0.0001840241599574399,0.0001840241599574399
maplight_morgan_0201,-0.0001810338678746669,0.0001810338678746669
fcfp6_bit_0487,-0.0001794058665800582,0.0001794058665800582
fcfp6_bit_0614,0.00016316283407405825,0.00016316283407405825
ecfp6_bit_0574,0.0001486001919881129,0.0001486001919881129
fcfp6_bit_0660,0.00012667320457344783,0.00012667320457344783
avalon_count_0064,-0.00010892796520211696,0.00010892796520211696
rdk_path_bit_0461,0.0001027264641156346,0.0001027264641156346
maplight_morgan_0390,-9.848794875498357e-05,9.848794875498357e-05
ecfp6_bit_0703,9.233264172516694e-05,9.233264172516694e-05
fcfp6_bit_0111,3.970036400718321e-05,3.970036400718321e-05
topological_torsion_bit_0041,-2.3399575393057637e-05,2.3399575393057637e-05
layered_bit_0920,-2.0081939516476268e-05,2.0081939516476268e-05
maplight_morgan_0434,1.7155197777610665e-05,1.7155197777610665e-05
rdk_path_bit_0989,-1.0662808277410093e-05,1.0662808277410093e-05
atom_pair_bit_0228,-1.5463154148747433e-06,1.5463154148747433e-06
morgan_bit_0460,0.0,0.0
morgan_bit_0463,0.0,0.0
morgan_bit_0464,0.0,0.0
morgan_bit_0465,0.0,0.0
morgan_bit_0466,0.0,0.0
morgan_bit_0467,-0.0,0.0
morgan_bit_0468,0.0,0.0
morgan_bit_0469,-0.0,0.0
morgan_bit_0470,-0.0,0.0
morgan_bit_0471,-0.0,0.0
morgan_bit_0472,-0.0,0.0
morgan_bit_0473,-0.0,0.0
morgan_bit_0474,0.0,0.0
morgan_bit_0475,-0.0,0.0
morgan_bit_0476,-0.0,0.0
morgan_bit_0477,0.0,0.0
morgan_bit_0478,0.0,0.0
morgan_bit_0479,0.0,0.0
morgan_bit_0480,-0.0,0.0
morgan_bit_0481,0.0,0.0
morgan_bit_0482,0.0,0.0
morgan_bit_0484,0.0,0.0
morgan_bit_0485,-0.0,0.0
morgan_bit_0486,0.0,0.0
morgan_bit_0487,-0.0,0.0
morgan_bit_0488,-0.0,0.0
morgan_bit_0489,-0.0,0.0
morgan_bit_0490,0.0,0.0
morgan_bit_0491,0.0,0.0
morgan_bit_0492,-0.0,0.0
morgan_bit_0493,-0.0,0.0
morgan_bit_0494,0.0,0.0
morgan_bit_0495,-0.0,0.0
morgan_bit_0496,0.0,0.0
morgan_bit_0497,-0.0,0.0
morgan_bit_0498,0.0,0.0
morgan_bit_0499,-0.0,0.0
morgan_bit_0500,-0.0,0.0
morgan_bit_0502,-0.0,0.0
morgan_bit_0503,0.0,0.0
morgan_bit_0504,-0.0,0.0
morgan_bit_0505,0.0,0.0
morgan_bit_0506,-0.0,0.0
morgan_bit_0507,-0.0,0.0
morgan_bit_0508,-0.0,0.0
morgan_bit_0509,0.0,0.0
morgan_bit_0510,0.0,0.0
morgan_bit_0511,0.0,0.0
morgan_bit_0512,-0.0,0.0
morgan_bit_0513,0.0,0.0
morgan_bit_0514,-0.0,0.0
morgan_bit_0515,0.0,0.0
morgan_bit_0516,0.0,0.0
morgan_bit_0517,0.0,0.0
morgan_bit_0518,0.0,0.0
morgan_bit_0519,-0.0,0.0
morgan_bit_0520,-0.0,0.0
morgan_bit_0522,-0.0,0.0
morgan_bit_0523,0.0,0.0
morgan_bit_0524,0.0,0.0
morgan_bit_0525,0.0,0.0
morgan_bit_0526,-0.0,0.0
morgan_bit_0527,0.0,0.0
morgan_bit_0528,0.0,0.0
morgan_bit_0529,-0.0,0.0
morgan_bit_0530,-0.0,0.0
morgan_bit_0531,-0.0,0.0
morgan_bit_0532,-0.0,0.0
morgan_bit_0533,0.0,0.0
morgan_bit_0534,-0.0,0.0
morgan_bit_0535,-0.0,0.0
morgan_bit_0536,-0.0,0.0
morgan_bit_0537,0.0,0.0
morgan_bit_0539,0.0,0.0
morgan_bit_0540,-0.0,0.0
morgan_bit_0541,0.0,0.0
morgan_bit_0543,-0.0,0.0
morgan_bit_0544,0.0,0.0
morgan_bit_0545,0.0,0.0
morgan_bit_0546,0.0,0.0
morgan_bit_0547,0.0,0.0
morgan_bit_0548,0.0,0.0
morgan_bit_0549,0.0,0.0
morgan_bit_0550,-0.0,0.0
morgan_bit_0551,-0.0,0.0
morgan_bit_0552,-0.0,0.0
morgan_bit_0553,-0.0,0.0
morgan_bit_0554,-0.0,0.0
morgan_bit_0555,-0.0,0.0
morgan_bit_0556,-0.0,0.0
morgan_bit_0557,-0.0,0.0
morgan_bit_0558,0.0,0.0
morgan_bit_0559,-0.0,0.0
morgan_bit_0560,0.0,0.0
morgan_bit_0561,0.0,0.0
morgan_bit_0562,0.0,0.0
morgan_bit_0563,-0.0,0.0
morgan_bit_0564,0.0,0.0
morgan_bit_0565,-0.0,0.0
morgan_bit_0566,-0.0,0.0
morgan_bit_0567,-0.0,0.0
morgan_bit_0568,-0.0,0.0
morgan_bit_0569,-0.0,0.0
morgan_bit_0570,-0.0,0.0
morgan_bit_0571,-0.0,0.0
morgan_bit_0572,-0.0,0.0
morgan_bit_0574,-0.0,0.0
morgan_bit_0575,-0.0,0.0
morgan_bit_0576,0.0,0.0
morgan_bit_0577,0.0,0.0
morgan_bit_0578,-0.0,0.0
morgan_bit_0579,-0.0,0.0
morgan_bit_0580,0.0,0.0
morgan_bit_0581,-0.0,0.0
morgan_bit_0582,-0.0,0.0
morgan_bit_0583,0.0,0.0
morgan_bit_0584,-0.0,0.0
morgan_bit_0585,0.0,0.0
morgan_bit_0586,0.0,0.0
morgan_bit_0587,-0.0,0.0
morgan_bit_0588,0.0,0.0
morgan_bit_0589,-0.0,0.0
morgan_bit_0590,0.0,0.0
morgan_bit_0591,0.0,0.0
morgan_bit_0592,-0.0,0.0
morgan_bit_0593,-0.0,0.0
morgan_bit_0594,-0.0,0.0
morgan_bit_0595,-0.0,0.0
morgan_bit_0596,0.0,0.0
morgan_bit_0597,-0.0,0.0
morgan_bit_0598,0.0,0.0
morgan_bit_0599,0.0,0.0
morgan_bit_0600,-0.0,0.0
morgan_bit_0601,-0.0,0.0
morgan_bit_0602,-0.0,0.0
morgan_bit_0603,0.0,0.0
morgan_bit_0604,0.0,0.0
morgan_bit_0605,0.0,0.0
morgan_bit_0606,-0.0,0.0
morgan_bit_0607,0.0,0.0
morgan_bit_0608,-0.0,0.0
morgan_bit_0609,-0.0,0.0
morgan_bit_0611,0.0,0.0
morgan_bit_0612,0.0,0.0
morgan_bit_0613,0.0,0.0
morgan_bit_0614,-0.0,0.0
morgan_bit_0615,-0.0,0.0
morgan_bit_0616,0.0,0.0
morgan_bit_0617,-0.0,0.0
morgan_bit_0619,0.0,0.0
morgan_bit_0620,-0.0,0.0
morgan_bit_0621,-0.0,0.0
morgan_bit_0622,0.0,0.0
morgan_bit_0623,-0.0,0.0
morgan_bit_0624,-0.0,0.0
morgan_bit_0625,0.0,0.0
morgan_bit_0627,0.0,0.0
morgan_bit_0628,-0.0,0.0
morgan_bit_0629,0.0,0.0
morgan_bit_0630,0.0,0.0
morgan_bit_0631,0.0,0.0
morgan_bit_0632,-0.0,0.0
morgan_bit_0634,-0.0,0.0
morgan_bit_0635,0.0,0.0
morgan_bit_0637,-0.0,0.0
morgan_bit_0638,0.0,0.0
morgan_bit_0639,-0.0,0.0
morgan_bit_0640,-0.0,0.0
morgan_bit_0641,-0.0,0.0
morgan_bit_0642,0.0,0.0
morgan_bit_0643,0.0,0.0
morgan_bit_0644,-0.0,0.0
morgan_bit_0645,-0.0,0.0
morgan_bit_0646,0.0,0.0
morgan_bit_0647,-0.0,0.0
morgan_bit_0649,-0.0,0.0
morgan_bit_0650,0.0,0.0
morgan_bit_0651,0.0,0.0
morgan_bit_0652,-0.0,0.0
morgan_bit_0653,0.0,0.0
morgan_bit_0654,0.0,0.0
morgan_bit_0655,-0.0,0.0
morgan_bit_0656,0.0,0.0
morgan_bit_0657,0.0,0.0
morgan_bit_0658,-0.0,0.0
morgan_bit_0659,0.0,0.0
morgan_bit_0660,0.0,0.0
morgan_bit_0661,0.0,0.0
morgan_bit_0662,-0.0,0.0
morgan_bit_0663,-0.0,0.0
morgan_bit_0664,0.0,0.0
morgan_bit_0665,-0.0,0.0
morgan_bit_0666,0.0,0.0
morgan_bit_0667,-0.0,0.0
morgan_bit_0668,0.0,0.0
morgan_bit_0669,-0.0,0.0
morgan_bit_0671,0.0,0.0
morgan_bit_0672,0.0,0.0
morgan_bit_0673,-0.0,0.0
morgan_bit_0674,0.0,0.0
morgan_bit_0675,0.0,0.0
morgan_bit_0676,-0.0,0.0
morgan_bit_0677,-0.0,0.0
morgan_bit_0679,0.0,0.0
morgan_bit_0680,0.0,0.0
morgan_bit_0682,0.0,0.0
morgan_bit_0683,-0.0,0.0
morgan_bit_0684,0.0,0.0
morgan_bit_0687,0.0,0.0
morgan_bit_0688,-0.0,0.0
morgan_bit_0689,0.0,0.0
morgan_bit_0690,0.0,0.0
morgan_bit_0691,0.0,0.0
morgan_bit_0692,0.0,0.0
morgan_bit_0693,-0.0,0.0
morgan_bit_0694,0.0,0.0
morgan_bit_0695,-0.0,0.0
morgan_bit_0696,0.0,0.0
morgan_bit_0697,0.0,0.0
morgan_bit_0698,-0.0,0.0
morgan_bit_0699,0.0,0.0
morgan_bit_0700,0.0,0.0
morgan_bit_0702,0.0,0.0
morgan_bit_0703,0.0,0.0
morgan_bit_0704,-0.0,0.0
morgan_bit_0705,-0.0,0.0
morgan_bit_0706,-0.0,0.0
morgan_bit_0707,-0.0,0.0
morgan_bit_0708,0.0,0.0
morgan_bit_0709,-0.0,0.0
morgan_bit_0710,0.0,0.0
morgan_bit_0711,0.0,0.0
morgan_bit_0712,0.0,0.0
morgan_bit_0713,-0.0,0.0
morgan_bit_0714,0.0,0.0
morgan_bit_0715,-0.0,0.0
morgan_bit_0716,-0.0,0.0
morgan_bit_0718,-0.0,0.0
morgan_bit_0719,0.0,0.0
morgan_bit_0720,0.0,0.0
morgan_bit_0721,0.0,0.0
morgan_bit_0722,0.0,0.0
morgan_bit_0723,-0.0,0.0
morgan_bit_0724,-0.0,0.0
morgan_bit_0725,-0.0,0.0
morgan_bit_0726,0.0,0.0
morgan_bit_0727,0.0,0.0
morgan_bit_0729,-0.0,0.0
morgan_bit_0730,0.0,0.0
morgan_bit_0731,0.0,0.0
morgan_bit_0732,-0.0,0.0
morgan_bit_0733,0.0,0.0
morgan_bit_0734,-0.0,0.0
morgan_bit_0735,0.0,0.0
morgan_bit_0736,0.0,0.0
morgan_bit_0737,-0.0,0.0
morgan_bit_0738,0.0,0.0
morgan_bit_0739,0.0,0.0
morgan_bit_0740,-0.0,0.0
morgan_bit_0741,0.0,0.0
morgan_bit_0742,0.0,0.0
morgan_bit_0743,0.0,0.0
morgan_bit_0744,0.0,0.0
morgan_bit_0745,0.0,0.0
morgan_bit_0746,0.0,0.0
morgan_bit_0747,-0.0,0.0
morgan_bit_0748,-0.0,0.0
morgan_bit_0749,-0.0,0.0
morgan_bit_0750,-0.0,0.0
morgan_bit_0751,-0.0,0.0
morgan_bit_0752,-0.0,0.0
morgan_bit_0753,0.0,0.0
morgan_bit_0754,0.0,0.0
morgan_bit_0757,-0.0,0.0
morgan_bit_0759,0.0,0.0
morgan_bit_0760,-0.0,0.0
morgan_bit_0762,-0.0,0.0
morgan_bit_0763,-0.0,0.0
morgan_bit_0764,-0.0,0.0
morgan_bit_0766,-0.0,0.0
morgan_bit_0768,0.0,0.0
morgan_bit_0769,-0.0,0.0
morgan_bit_0770,-0.0,0.0
morgan_bit_0771,0.0,0.0
morgan_bit_0772,0.0,0.0
morgan_bit_0774,0.0,0.0
morgan_bit_0775,0.0,0.0
morgan_bit_0776,-0.0,0.0
morgan_bit_0777,0.0,0.0
morgan_bit_0778,-0.0,0.0
morgan_bit_0780,0.0,0.0
morgan_bit_0781,-0.0,0.0
morgan_bit_0782,-0.0,0.0
morgan_bit_0783,0.0,0.0
morgan_bit_0784,0.0,0.0
morgan_bit_0785,0.0,0.0
morgan_bit_0786,0.0,0.0
morgan_bit_0787,-0.0,0.0
morgan_bit_0788,-0.0,0.0
morgan_bit_0789,-0.0,0.0
morgan_bit_0790,0.0,0.0
morgan_bit_0791,-0.0,0.0
morgan_bit_0792,0.0,0.0
morgan_bit_0793,0.0,0.0
morgan_bit_0794,0.0,0.0
morgan_bit_0795,-0.0,0.0
morgan_bit_0796,-0.0,0.0
morgan_bit_0797,0.0,0.0
morgan_bit_0798,0.0,0.0
morgan_bit_0799,0.0,0.0
morgan_bit_0800,0.0,0.0
morgan_bit_0801,-0.0,0.0
morgan_bit_0802,-0.0,0.0
morgan_bit_0803,0.0,0.0
morgan_bit_0804,0.0,0.0
morgan_bit_0805,-0.0,0.0
morgan_bit_0806,-0.0,0.0
morgan_bit_0807,0.0,0.0
morgan_bit_0808,-0.0,0.0
morgan_bit_0809,0.0,0.0
morgan_bit_0811,0.0,0.0
morgan_bit_0812,-0.0,0.0
morgan_bit_0814,0.0,0.0
morgan_bit_0815,0.0,0.0
morgan_bit_0816,0.0,0.0
morgan_bit_0818,-0.0,0.0
morgan_bit_0819,0.0,0.0
morgan_bit_0820,-0.0,0.0
morgan_bit_0821,-0.0,0.0
morgan_bit_0822,0.0,0.0
morgan_bit_0824,0.0,0.0
morgan_bit_0825,0.0,0.0
morgan_bit_0828,0.0,0.0
morgan_bit_0829,-0.0,0.0
morgan_bit_0830,0.0,0.0
morgan_bit_0831,-0.0,0.0
morgan_bit_0832,-0.0,0.0
morgan_bit_0833,-0.0,0.0
morgan_bit_0834,-0.0,0.0
morgan_bit_0835,0.0,0.0
morgan_bit_0836,-0.0,0.0
morgan_bit_0837,0.0,0.0
morgan_bit_0838,-0.0,0.0
morgan_bit_0839,-0.0,0.0
morgan_bit_0840,0.0,0.0
morgan_bit_0841,0.0,0.0
morgan_bit_0843,0.0,0.0
morgan_bit_0844,0.0,0.0
morgan_bit_0845,0.0,0.0
morgan_bit_0846,0.0,0.0
morgan_bit_0847,-0.0,0.0
morgan_bit_0848,0.0,0.0
morgan_bit_0850,0.0,0.0
morgan_bit_0851,-0.0,0.0
morgan_bit_0852,0.0,0.0
morgan_bit_0853,0.0,0.0
morgan_bit_0854,0.0,0.0
morgan_bit_0855,-0.0,0.0
morgan_bit_0856,0.0,0.0
morgan_bit_0857,-0.0,0.0
morgan_bit_0858,0.0,0.0
morgan_bit_0859,-0.0,0.0
morgan_bit_0860,0.0,0.0
morgan_bit_0861,0.0,0.0
morgan_bit_0862,0.0,0.0
morgan_bit_0863,-0.0,0.0
morgan_bit_0864,0.0,0.0
morgan_bit_0865,0.0,0.0
morgan_bit_0866,0.0,0.0
morgan_bit_0867,-0.0,0.0
morgan_bit_0868,-0.0,0.0
morgan_bit_0869,0.0,0.0
morgan_bit_0870,-0.0,0.0
morgan_bit_0872,-0.0,0.0
morgan_bit_0874,-0.0,0.0
morgan_bit_0875,0.0,0.0
morgan_bit_0876,0.0,0.0
morgan_bit_0877,0.0,0.0
morgan_bit_0878,0.0,0.0
morgan_bit_0879,0.0,0.0
morgan_bit_0880,0.0,0.0
morgan_bit_0881,-0.0,0.0
morgan_bit_0882,0.0,0.0
morgan_bit_0884,-0.0,0.0
morgan_bit_0885,0.0,0.0
morgan_bit_0886,-0.0,0.0
morgan_bit_0887,-0.0,0.0
morgan_bit_0888,0.0,0.0
morgan_bit_0889,0.0,0.0
morgan_bit_0890,0.0,0.0
morgan_bit_0891,0.0,0.0
morgan_bit_0892,-0.0,0.0
morgan_bit_0893,0.0,0.0
morgan_bit_0894,-0.0,0.0
morgan_bit_0895,-0.0,0.0
morgan_bit_0896,-0.0,0.0
morgan_bit_0897,-0.0,0.0
morgan_bit_0898,0.0,0.0
morgan_bit_0899,0.0,0.0
morgan_bit_0900,0.0,0.0
morgan_bit_0901,0.0,0.0
morgan_bit_0902,-0.0,0.0
morgan_bit_0903,-0.0,0.0
morgan_bit_0904,0.0,0.0
morgan_bit_0905,0.0,0.0
morgan_bit_0906,-0.0,0.0
morgan_bit_0907,-0.0,0.0
morgan_bit_0908,-0.0,0.0
morgan_bit_0909,0.0,0.0
morgan_bit_0910,-0.0,0.0
morgan_bit_0911,-0.0,0.0
morgan_bit_0912,-0.0,0.0
morgan_bit_0913,-0.0,0.0
morgan_bit_0914,0.0,0.0
morgan_bit_0915,0.0,0.0
morgan_bit_0916,-0.0,0.0
morgan_bit_0917,0.0,0.0
morgan_bit_0918,-0.0,0.0
morgan_bit_0919,0.0,0.0
morgan_bit_0920,-0.0,0.0
morgan_bit_0921,0.0,0.0
morgan_bit_0924,0.0,0.0
morgan_bit_0925,0.0,0.0
morgan_bit_0926,0.0,0.0
morgan_bit_0927,-0.0,0.0
morgan_bit_0928,0.0,0.0
morgan_bit_0929,-0.0,0.0
morgan_bit_0930,-0.0,0.0
morgan_bit_0931,0.0,0.0
morgan_bit_0932,-0.0,0.0
morgan_bit_0933,0.0,0.0
morgan_bit_0934,-0.0,0.0
morgan_bit_0935,-0.0,0.0
morgan_bit_0936,-0.0,0.0
morgan_bit_0937,0.0,0.0
morgan_bit_0938,-0.0,0.0
morgan_bit_0939,0.0,0.0
morgan_bit_0940,0.0,0.0
morgan_bit_0941,-0.0,0.0
morgan_bit_0942,-0.0,0.0
morgan_bit_0943,0.0,0.0
morgan_bit_0944,0.0,0.0
morgan_bit_0947,-0.0,0.0
morgan_bit_0948,-0.0,0.0
morgan_bit_0949,-0.0,0.0
morgan_bit_0950,0.0,0.0
morgan_bit_0951,0.0,0.0
morgan_bit_0952,-0.0,0.0
morgan_bit_0953,0.0,0.0
morgan_bit_0954,0.0,0.0
morgan_bit_0955,0.0,0.0
morgan_bit_0956,-0.0,0.0
morgan_bit_0957,0.0,0.0
morgan_bit_0958,-0.0,0.0
morgan_bit_0959,0.0,0.0
morgan_bit_0960,0.0,0.0
morgan_bit_0961,-0.0,0.0
morgan_bit_0962,0.0,0.0
morgan_bit_0963,-0.0,0.0
morgan_bit_0964,0.0,0.0
morgan_bit_0965,0.0,0.0
morgan_bit_0966,0.0,0.0
morgan_bit_0967,0.0,0.0
morgan_bit_0968,0.0,0.0
morgan_bit_0969,-0.0,0.0
morgan_bit_0970,0.0,0.0
morgan_bit_0972,0.0,0.0
morgan_bit_0973,-0.0,0.0
morgan_bit_0974,-0.0,0.0
morgan_bit_0975,-0.0,0.0
morgan_bit_0976,-0.0,0.0
morgan_bit_0977,0.0,0.0
morgan_bit_0978,0.0,0.0
morgan_bit_0979,-0.0,0.0
morgan_bit_0980,-0.0,0.0
morgan_bit_0982,0.0,0.0
morgan_bit_0983,-0.0,0.0
morgan_bit_0984,0.0,0.0
morgan_bit_0985,-0.0,0.0
morgan_bit_0986,0.0,0.0
morgan_bit_0988,0.0,0.0
morgan_bit_0989,-0.0,0.0
morgan_bit_0990,0.0,0.0
morgan_bit_0991,0.0,0.0
morgan_bit_0992,0.0,0.0
morgan_bit_0993,-0.0,0.0
morgan_bit_0994,-0.0,0.0
morgan_bit_0995,0.0,0.0
morgan_bit_0996,0.0,0.0
morgan_bit_0997,0.0,0.0
morgan_bit_0998,0.0,0.0
morgan_bit_0999,-0.0,0.0
morgan_bit_1000,-0.0,0.0
morgan_bit_1001,0.0,0.0
morgan_bit_1002,0.0,0.0
morgan_bit_1003,-0.0,0.0
morgan_bit_1004,-0.0,0.0
morgan_bit_1005,0.0,0.0
morgan_bit_1006,-0.0,0.0
morgan_bit_1007,-0.0,0.0
morgan_bit_1008,-0.0,0.0
morgan_bit_1009,-0.0,0.0
morgan_bit_1010,0.0,0.0
morgan_bit_1011,0.0,0.0
morgan_bit_1012,0.0,0.0
morgan_bit_1013,-0.0,0.0
morgan_bit_1014,-0.0,0.0
morgan_bit_1015,0.0,0.0
morgan_bit_1016,0.0,0.0
morgan_bit_1017,-0.0,0.0
morgan_bit_1018,0.0,0.0
morgan_bit_1019,0.0,0.0
morgan_bit_1020,0.0,0.0
morgan_bit_1021,-0.0,0.0
morgan_bit_1022,0.0,0.0
morgan_bit_1023,0.0,0.0
ecfp6_bit_0000,-0.0,0.0
ecfp6_bit_0001,-0.0,0.0
ecfp6_bit_0002,0.0,0.0
ecfp6_bit_0003,-0.0,0.0
ecfp6_bit_0004,-0.0,0.0
ecfp6_bit_0005,-0.0,0.0
ecfp6_bit_0006,0.0,0.0
ecfp6_bit_0007,0.0,0.0
ecfp6_bit_0008,0.0,0.0
ecfp6_bit_0009,-0.0,0.0
ecfp6_bit_0010,-0.0,0.0
ecfp6_bit_0011,0.0,0.0
ecfp6_bit_0013,-0.0,0.0
ecfp6_bit_0014,0.0,0.0
ecfp6_bit_0015,0.0,0.0
ecfp6_bit_0016,0.0,0.0
ecfp6_bit_0017,0.0,0.0
ecfp6_bit_0018,0.0,0.0
ecfp6_bit_0019,-0.0,0.0
ecfp6_bit_0020,0.0,0.0
ecfp6_bit_0021,0.0,0.0
ecfp6_bit_0022,-0.0,0.0
ecfp6_bit_0023,0.0,0.0
ecfp6_bit_0024,0.0,0.0
ecfp6_bit_0025,-0.0,0.0
ecfp6_bit_0026,-0.0,0.0
ecfp6_bit_0027,-0.0,0.0
ecfp6_bit_0028,0.0,0.0
ecfp6_bit_0029,0.0,0.0
ecfp6_bit_0030,-0.0,0.0
ecfp6_bit_0031,-0.0,0.0
ecfp6_bit_0033,-0.0,0.0
ecfp6_bit_0034,-0.0,0.0
ecfp6_bit_0036,-0.0,0.0
ecfp6_bit_0037,0.0,0.0
ecfp6_bit_0038,-0.0,0.0
ecfp6_bit_0039,0.0,0.0
ecfp6_bit_0040,0.0,0.0
ecfp6_bit_0041,0.0,0.0
ecfp6_bit_0042,0.0,0.0
ecfp6_bit_0043,-0.0,0.0
ecfp6_bit_0045,0.0,0.0
ecfp6_bit_0046,0.0,0.0
ecfp6_bit_0047,0.0,0.0
ecfp6_bit_0048,-0.0,0.0
ecfp6_bit_0049,0.0,0.0
ecfp6_bit_0050,0.0,0.0
ecfp6_bit_0051,0.0,0.0
ecfp6_bit_0052,-0.0,0.0
ecfp6_bit_0053,0.0,0.0
ecfp6_bit_0054,0.0,0.0
ecfp6_bit_0055,0.0,0.0
ecfp6_bit_0056,0.0,0.0
ecfp6_bit_0057,0.0,0.0
ecfp6_bit_0058,-0.0,0.0
ecfp6_bit_0059,0.0,0.0
ecfp6_bit_0060,-0.0,0.0
ecfp6_bit_0061,-0.0,0.0
ecfp6_bit_0062,0.0,0.0
ecfp6_bit_0063,0.0,0.0
ecfp6_bit_0064,-0.0,0.0
ecfp6_bit_0066,0.0,0.0
ecfp6_bit_0067,-0.0,0.0
ecfp6_bit_0068,0.0,0.0
ecfp6_bit_0069,0.0,0.0
ecfp6_bit_0070,-0.0,0.0
ecfp6_bit_0071,-0.0,0.0
ecfp6_bit_0072,-0.0,0.0
ecfp6_bit_0073,-0.0,0.0
ecfp6_bit_0074,0.0,0.0
ecfp6_bit_0075,0.0,0.0
ecfp6_bit_0076,0.0,0.0
ecfp6_bit_0077,-0.0,0.0
ecfp6_bit_0078,0.0,0.0
ecfp6_bit_0079,-0.0,0.0
ecfp6_bit_0080,-0.0,0.0
ecfp6_bit_0081,0.0,0.0
ecfp6_bit_0082,-0.0,0.0
ecfp6_bit_0083,-0.0,0.0
ecfp6_bit_0084,0.0,0.0
ecfp6_bit_0086,0.0,0.0
ecfp6_bit_0087,-0.0,0.0
ecfp6_bit_0088,0.0,0.0
ecfp6_bit_0089,-0.0,0.0
ecfp6_bit_0090,-0.0,0.0
ecfp6_bit_0091,-0.0,0.0
ecfp6_bit_0092,-0.0,0.0
ecfp6_bit_0093,-0.0,0.0
ecfp6_bit_0094,0.0,0.0
ecfp6_bit_0095,0.0,0.0
ecfp6_bit_0096,-0.0,0.0
ecfp6_bit_0097,0.0,0.0
ecfp6_bit_0098,0.0,0.0
ecfp6_bit_0101,0.0,0.0
ecfp6_bit_0102,0.0,0.0
ecfp6_bit_0103,0.0,0.0
ecfp6_bit_0104,0.0,0.0
ecfp6_bit_0105,0.0,0.0
ecfp6_bit_0106,-0.0,0.0
ecfp6_bit_0107,-0.0,0.0
ecfp6_bit_0108,-0.0,0.0
ecfp6_bit_0109,0.0,0.0
ecfp6_bit_0110,0.0,0.0
ecfp6_bit_0111,-0.0,0.0
ecfp6_bit_0112,0.0,0.0
ecfp6_bit_0113,0.0,0.0
ecfp6_bit_0114,0.0,0.0
ecfp6_bit_0115,0.0,0.0
erg_299,0.0,0.0
ecfp6_bit_0117,-0.0,0.0
ecfp6_bit_0118,-0.0,0.0
ecfp6_bit_0119,0.0,0.0
ecfp6_bit_0120,0.0,0.0
ecfp6_bit_0121,-0.0,0.0
ecfp6_bit_0123,-0.0,0.0
ecfp6_bit_0124,0.0,0.0
ecfp6_bit_0125,0.0,0.0
ecfp6_bit_0127,0.0,0.0
ecfp6_bit_0128,0.0,0.0
ecfp6_bit_0129,-0.0,0.0
ecfp6_bit_0131,-0.0,0.0
ecfp6_bit_0132,-0.0,0.0
ecfp6_bit_0133,0.0,0.0
ecfp6_bit_0134,-0.0,0.0
ecfp6_bit_0135,-0.0,0.0
ecfp6_bit_0136,-0.0,0.0
ecfp6_bit_0137,0.0,0.0
ecfp6_bit_0138,-0.0,0.0
ecfp6_bit_0139,-0.0,0.0
ecfp6_bit_0141,0.0,0.0
ecfp6_bit_0142,-0.0,0.0
ecfp6_bit_0143,0.0,0.0
ecfp6_bit_0144,0.0,0.0
ecfp6_bit_0146,-0.0,0.0
ecfp6_bit_0147,-0.0,0.0
ecfp6_bit_0148,0.0,0.0
ecfp6_bit_0149,0.0,0.0
ecfp6_bit_0150,-0.0,0.0
ecfp6_bit_0151,-0.0,0.0
ecfp6_bit_0153,0.0,0.0
ecfp6_bit_0154,-0.0,0.0
ecfp6_bit_0155,-0.0,0.0
ecfp6_bit_0156,0.0,0.0
ecfp6_bit_0157,0.0,0.0
ecfp6_bit_0158,-0.0,0.0
ecfp6_bit_0159,-0.0,0.0
ecfp6_bit_0160,0.0,0.0
ecfp6_bit_0161,-0.0,0.0
ecfp6_bit_0162,0.0,0.0
ecfp6_bit_0163,0.0,0.0
ecfp6_bit_0164,0.0,0.0
ecfp6_bit_0165,-0.0,0.0
ecfp6_bit_0166,-0.0,0.0
ecfp6_bit_0168,-0.0,0.0
ecfp6_bit_0169,0.0,0.0
ecfp6_bit_0171,0.0,0.0
ecfp6_bit_0172,-0.0,0.0
ecfp6_bit_0173,0.0,0.0
ecfp6_bit_0174,0.0,0.0
ecfp6_bit_0175,-0.0,0.0
ecfp6_bit_0176,-0.0,0.0
ecfp6_bit_0177,0.0,0.0
ecfp6_bit_0178,0.0,0.0
ecfp6_bit_0179,-0.0,0.0
ecfp6_bit_0180,-0.0,0.0
ecfp6_bit_0181,-0.0,0.0
ecfp6_bit_0182,-0.0,0.0
ecfp6_bit_0183,0.0,0.0
ecfp6_bit_0184,-0.0,0.0
ecfp6_bit_0185,-0.0,0.0
ecfp6_bit_0186,-0.0,0.0
ecfp6_bit_0187,0.0,0.0
ecfp6_bit_0188,0.0,0.0
ecfp6_bit_0190,0.0,0.0
ecfp6_bit_0191,0.0,0.0
ecfp6_bit_0193,-0.0,0.0
ecfp6_bit_0194,0.0,0.0
ecfp6_bit_0195,0.0,0.0
ecfp6_bit_0196,0.0,0.0
ecfp6_bit_0197,0.0,0.0
ecfp6_bit_0198,0.0,0.0
ecfp6_bit_0199,0.0,0.0
ecfp6_bit_0200,-0.0,0.0
ecfp6_bit_0201,-0.0,0.0
ecfp6_bit_0202,-0.0,0.0
ecfp6_bit_0203,-0.0,0.0
ecfp6_bit_0204,0.0,0.0
ecfp6_bit_0205,0.0,0.0
ecfp6_bit_0206,-0.0,0.0
ecfp6_bit_0207,-0.0,0.0
ecfp6_bit_0208,0.0,0.0
ecfp6_bit_0210,0.0,0.0
ecfp6_bit_0211,0.0,0.0
ecfp6_bit_0212,-0.0,0.0
ecfp6_bit_0213,-0.0,0.0
ecfp6_bit_0214,0.0,0.0
ecfp6_bit_0215,0.0,0.0
ecfp6_bit_0216,0.0,0.0
ecfp6_bit_0217,0.0,0.0
ecfp6_bit_0218,0.0,0.0
ecfp6_bit_0219,0.0,0.0
ecfp6_bit_0220,0.0,0.0
ecfp6_bit_0221,-0.0,0.0
ecfp6_bit_0222,-0.0,0.0
ecfp6_bit_0223,-0.0,0.0
ecfp6_bit_0224,0.0,0.0
ecfp6_bit_0225,-0.0,0.0
ecfp6_bit_0226,-0.0,0.0
ecfp6_bit_0227,-0.0,0.0
ecfp6_bit_0228,0.0,0.0
ecfp6_bit_0229,-0.0,0.0
ecfp6_bit_0232,0.0,0.0
ecfp6_bit_0233,-0.0,0.0
ecfp6_bit_0234,0.0,0.0
ecfp6_bit_0235,0.0,0.0
ecfp6_bit_0236,-0.0,0.0
ecfp6_bit_0237,-0.0,0.0
ecfp6_bit_0238,-0.0,0.0
ecfp6_bit_0239,0.0,0.0
ecfp6_bit_0240,-0.0,0.0
ecfp6_bit_0241,0.0,0.0
ecfp6_bit_0244,-0.0,0.0
ecfp6_bit_0245,0.0,0.0
ecfp6_bit_0247,0.0,0.0
ecfp6_bit_0248,-0.0,0.0
ecfp6_bit_0249,-0.0,0.0
ecfp6_bit_0250,0.0,0.0
ecfp6_bit_0251,0.0,0.0
ecfp6_bit_0252,0.0,0.0
ecfp6_bit_0253,0.0,0.0
ecfp6_bit_0254,0.0,0.0
ecfp6_bit_0255,0.0,0.0
ecfp6_bit_0256,0.0,0.0
ecfp6_bit_0258,0.0,0.0
ecfp6_bit_0259,0.0,0.0
ecfp6_bit_0260,-0.0,0.0
ecfp6_bit_0261,-0.0,0.0
ecfp6_bit_0262,-0.0,0.0
ecfp6_bit_0263,-0.0,0.0
ecfp6_bit_0264,-0.0,0.0
ecfp6_bit_0265,0.0,0.0
ecfp6_bit_0266,0.0,0.0
ecfp6_bit_0268,0.0,0.0
ecfp6_bit_0269,-0.0,0.0
ecfp6_bit_0270,-0.0,0.0
ecfp6_bit_0271,0.0,0.0
ecfp6_bit_0272,0.0,0.0
ecfp6_bit_0273,-0.0,0.0
ecfp6_bit_0274,-0.0,0.0
ecfp6_bit_0276,-0.0,0.0
ecfp6_bit_0278,0.0,0.0
ecfp6_bit_0279,0.0,0.0
ecfp6_bit_0281,0.0,0.0
ecfp6_bit_0282,-0.0,0.0
ecfp6_bit_0283,-0.0,0.0
ecfp6_bit_0284,-0.0,0.0
ecfp6_bit_0285,0.0,0.0
ecfp6_bit_0286,0.0,0.0
ecfp6_bit_0289,-0.0,0.0
ecfp6_bit_0290,-0.0,0.0
ecfp6_bit_0291,0.0,0.0
ecfp6_bit_0292,-0.0,0.0
ecfp6_bit_0294,0.0,0.0
ecfp6_bit_0295,0.0,0.0
ecfp6_bit_0296,0.0,0.0
ecfp6_bit_0297,0.0,0.0
ecfp6_bit_0298,-0.0,0.0
ecfp6_bit_0299,-0.0,0.0
ecfp6_bit_0300,0.0,0.0
ecfp6_bit_0301,0.0,0.0
ecfp6_bit_0302,-0.0,0.0
ecfp6_bit_0303,0.0,0.0
ecfp6_bit_0304,0.0,0.0
ecfp6_bit_0305,-0.0,0.0
ecfp6_bit_0307,-0.0,0.0
ecfp6_bit_0308,-0.0,0.0
ecfp6_bit_0309,0.0,0.0
ecfp6_bit_0310,-0.0,0.0
ecfp6_bit_0311,0.0,0.0
ecfp6_bit_0312,0.0,0.0
ecfp6_bit_0313,-0.0,0.0
ecfp6_bit_0314,-0.0,0.0
ecfp6_bit_0316,-0.0,0.0
ecfp6_bit_0318,0.0,0.0
ecfp6_bit_0320,-0.0,0.0
ecfp6_bit_0321,-0.0,0.0
ecfp6_bit_0322,-0.0,0.0
ecfp6_bit_0324,0.0,0.0
ecfp6_bit_0326,-0.0,0.0
ecfp6_bit_0327,-0.0,0.0
ecfp6_bit_0328,0.0,0.0
ecfp6_bit_0329,-0.0,0.0
ecfp6_bit_0330,-0.0,0.0
ecfp6_bit_0331,-0.0,0.0
ecfp6_bit_0332,-0.0,0.0
ecfp6_bit_0333,-0.0,0.0
ecfp6_bit_0334,0.0,0.0
ecfp6_bit_0335,0.0,0.0
ecfp6_bit_0336,0.0,0.0
ecfp6_bit_0337,-0.0,0.0
ecfp6_bit_0338,-0.0,0.0
ecfp6_bit_0339,-0.0,0.0
ecfp6_bit_0340,0.0,0.0
ecfp6_bit_0341,-0.0,0.0
ecfp6_bit_0343,0.0,0.0
ecfp6_bit_0344,0.0,0.0
ecfp6_bit_0345,-0.0,0.0
ecfp6_bit_0346,0.0,0.0
ecfp6_bit_0347,-0.0,0.0
ecfp6_bit_0348,0.0,0.0
ecfp6_bit_0349,0.0,0.0
ecfp6_bit_0350,0.0,0.0
ecfp6_bit_0351,-0.0,0.0
ecfp6_bit_0352,0.0,0.0
ecfp6_bit_0354,0.0,0.0
ecfp6_bit_0355,0.0,0.0
ecfp6_bit_0357,-0.0,0.0
ecfp6_bit_0358,-0.0,0.0
ecfp6_bit_0359,-0.0,0.0
ecfp6_bit_0360,-0.0,0.0
ecfp6_bit_0361,-0.0,0.0
ecfp6_bit_0362,-0.0,0.0
ecfp6_bit_0363,0.0,0.0
ecfp6_bit_0364,0.0,0.0
ecfp6_bit_0365,-0.0,0.0
ecfp6_bit_0366,0.0,0.0
ecfp6_bit_0367,-0.0,0.0
ecfp6_bit_0368,0.0,0.0
ecfp6_bit_0369,0.0,0.0
ecfp6_bit_0370,-0.0,0.0
ecfp6_bit_0371,0.0,0.0
ecfp6_bit_0372,0.0,0.0
ecfp6_bit_0373,0.0,0.0
ecfp6_bit_0374,-0.0,0.0
ecfp6_bit_0375,0.0,0.0
ecfp6_bit_0376,-0.0,0.0
ecfp6_bit_0377,0.0,0.0
ecfp6_bit_0378,0.0,0.0
ecfp6_bit_0379,-0.0,0.0
ecfp6_bit_0381,0.0,0.0
ecfp6_bit_0382,-0.0,0.0
ecfp6_bit_0383,-0.0,0.0
ecfp6_bit_0384,-0.0,0.0
ecfp6_bit_0385,0.0,0.0
ecfp6_bit_0386,0.0,0.0
ecfp6_bit_0387,0.0,0.0
ecfp6_bit_0388,0.0,0.0
ecfp6_bit_0389,-0.0,0.0
ecfp6_bit_0390,0.0,0.0
ecfp6_bit_0391,0.0,0.0
ecfp6_bit_0392,0.0,0.0
ecfp6_bit_0393,-0.0,0.0
ecfp6_bit_0394,0.0,0.0
ecfp6_bit_0396,0.0,0.0
ecfp6_bit_0397,0.0,0.0
ecfp6_bit_0398,-0.0,0.0
ecfp6_bit_0399,-0.0,0.0
ecfp6_bit_0400,0.0,0.0
ecfp6_bit_0402,0.0,0.0
ecfp6_bit_0403,-0.0,0.0
ecfp6_bit_0404,0.0,0.0
ecfp6_bit_0405,-0.0,0.0
ecfp6_bit_0406,-0.0,0.0
ecfp6_bit_0407,0.0,0.0
ecfp6_bit_0408,0.0,0.0
ecfp6_bit_0409,-0.0,0.0
ecfp6_bit_0410,-0.0,0.0
ecfp6_bit_0411,-0.0,0.0
ecfp6_bit_0412,0.0,0.0
ecfp6_bit_0413,0.0,0.0
ecfp6_bit_0414,-0.0,0.0
ecfp6_bit_0415,0.0,0.0
ecfp6_bit_0416,-0.0,0.0
ecfp6_bit_0417,-0.0,0.0
ecfp6_bit_0418,0.0,0.0
ecfp6_bit_0419,0.0,0.0
ecfp6_bit_0420,-0.0,0.0
ecfp6_bit_0421,0.0,0.0
ecfp6_bit_0422,-0.0,0.0
ecfp6_bit_0423,0.0,0.0
ecfp6_bit_0424,0.0,0.0
ecfp6_bit_0425,0.0,0.0
ecfp6_bit_0426,0.0,0.0
ecfp6_bit_0427,0.0,0.0
ecfp6_bit_0428,-0.0,0.0
ecfp6_bit_0429,0.0,0.0
ecfp6_bit_0430,0.0,0.0
ecfp6_bit_0431,-0.0,0.0
ecfp6_bit_0432,0.0,0.0
ecfp6_bit_0433,0.0,0.0
ecfp6_bit_0434,0.0,0.0
ecfp6_bit_0435,0.0,0.0
ecfp6_bit_0437,-0.0,0.0
ecfp6_bit_0438,0.0,0.0
ecfp6_bit_0439,0.0,0.0
ecfp6_bit_0440,0.0,0.0
ecfp6_bit_0442,-0.0,0.0
ecfp6_bit_0443,-0.0,0.0
ecfp6_bit_0445,-0.0,0.0
ecfp6_bit_0446,-0.0,0.0
ecfp6_bit_0447,-0.0,0.0
ecfp6_bit_0448,-0.0,0.0
ecfp6_bit_0449,-0.0,0.0
ecfp6_bit_0450,0.0,0.0
ecfp6_bit_0451,-0.0,0.0
ecfp6_bit_0452,-0.0,0.0
ecfp6_bit_0456,0.0,0.0
ecfp6_bit_0457,0.0,0.0
ecfp6_bit_0458,0.0,0.0
ecfp6_bit_0461,-0.0,0.0
ecfp6_bit_0462,-0.0,0.0
ecfp6_bit_0463,0.0,0.0
ecfp6_bit_0464,0.0,0.0
ecfp6_bit_0465,0.0,0.0
ecfp6_bit_0466,0.0,0.0
ecfp6_bit_0467,-0.0,0.0
ecfp6_bit_0468,-0.0,0.0
ecfp6_bit_0469,-0.0,0.0
ecfp6_bit_0470,-0.0,0.0
ecfp6_bit_0471,-0.0,0.0
ecfp6_bit_0472,-0.0,0.0
ecfp6_bit_0473,-0.0,0.0
ecfp6_bit_0474,-0.0,0.0
ecfp6_bit_0475,-0.0,0.0
ecfp6_bit_0476,-0.0,0.0
ecfp6_bit_0477,0.0,0.0
ecfp6_bit_0478,0.0,0.0
ecfp6_bit_0479,0.0,0.0
ecfp6_bit_0480,-0.0,0.0
ecfp6_bit_0481,0.0,0.0
ecfp6_bit_0482,0.0,0.0
ecfp6_bit_0483,-0.0,0.0
ecfp6_bit_0484,0.0,0.0
ecfp6_bit_0485,-0.0,0.0
ecfp6_bit_0486,0.0,0.0
ecfp6_bit_0487,-0.0,0.0
ecfp6_bit_0488,-0.0,0.0
ecfp6_bit_0489,-0.0,0.0
ecfp6_bit_0490,0.0,0.0
ecfp6_bit_0491,0.0,0.0
ecfp6_bit_0492,-0.0,0.0
ecfp6_bit_0493,-0.0,0.0
ecfp6_bit_0494,0.0,0.0
ecfp6_bit_0496,0.0,0.0
ecfp6_bit_0497,-0.0,0.0
ecfp6_bit_0498,0.0,0.0
ecfp6_bit_0499,-0.0,0.0
ecfp6_bit_0500,-0.0,0.0
ecfp6_bit_0502,-0.0,0.0
ecfp6_bit_0503,0.0,0.0
ecfp6_bit_0504,-0.0,0.0
ecfp6_bit_0505,0.0,0.0
ecfp6_bit_0506,-0.0,0.0
ecfp6_bit_0508,0.0,0.0
ecfp6_bit_0509,0.0,0.0
ecfp6_bit_0510,0.0,0.0
ecfp6_bit_0511,0.0,0.0
ecfp6_bit_0512,-0.0,0.0
ecfp6_bit_0513,0.0,0.0
ecfp6_bit_0514,-0.0,0.0
ecfp6_bit_0516,0.0,0.0
ecfp6_bit_0517,0.0,0.0
ecfp6_bit_0518,0.0,0.0
ecfp6_bit_0519,-0.0,0.0
ecfp6_bit_0520,-0.0,0.0
ecfp6_bit_0521,-0.0,0.0
ecfp6_bit_0523,0.0,0.0
ecfp6_bit_0525,0.0,0.0
ecfp6_bit_0526,-0.0,0.0
ecfp6_bit_0528,-0.0,0.0
ecfp6_bit_0529,0.0,0.0
ecfp6_bit_0530,-0.0,0.0
ecfp6_bit_0531,-0.0,0.0
ecfp6_bit_0532,0.0,0.0
ecfp6_bit_0533,0.0,0.0
ecfp6_bit_0534,0.0,0.0
ecfp6_bit_0536,-0.0,0.0
ecfp6_bit_0538,-0.0,0.0
ecfp6_bit_0539,0.0,0.0
ecfp6_bit_0540,-0.0,0.0
ecfp6_bit_0541,0.0,0.0
ecfp6_bit_0542,0.0,0.0
ecfp6_bit_0543,-0.0,0.0
ecfp6_bit_0544,0.0,0.0
ecfp6_bit_0545,0.0,0.0
ecfp6_bit_0546,0.0,0.0
ecfp6_bit_0547,0.0,0.0
ecfp6_bit_0548,0.0,0.0
ecfp6_bit_0549,0.0,0.0
ecfp6_bit_0550,-0.0,0.0
ecfp6_bit_0551,0.0,0.0
ecfp6_bit_0552,-0.0,0.0
ecfp6_bit_0553,0.0,0.0
ecfp6_bit_0554,-0.0,0.0
ecfp6_bit_0555,-0.0,0.0
ecfp6_bit_0556,-0.0,0.0
ecfp6_bit_0557,-0.0,0.0
ecfp6_bit_0558,0.0,0.0
ecfp6_bit_0559,-0.0,0.0
ecfp6_bit_0560,-0.0,0.0
ecfp6_bit_0561,0.0,0.0
ecfp6_bit_0562,-0.0,0.0
ecfp6_bit_0563,-0.0,0.0
ecfp6_bit_0564,0.0,0.0
ecfp6_bit_0565,0.0,0.0
ecfp6_bit_0566,-0.0,0.0
ecfp6_bit_0567,-0.0,0.0
ecfp6_bit_0568,-0.0,0.0
ecfp6_bit_0569,-0.0,0.0
ecfp6_bit_0570,-0.0,0.0
ecfp6_bit_0571,-0.0,0.0
ecfp6_bit_0572,0.0,0.0
ecfp6_bit_0573,0.0,0.0
ecfp6_bit_0575,0.0,0.0
ecfp6_bit_0576,0.0,0.0
ecfp6_bit_0577,-0.0,0.0
ecfp6_bit_0578,-0.0,0.0
ecfp6_bit_0579,-0.0,0.0
ecfp6_bit_0581,0.0,0.0
ecfp6_bit_0582,-0.0,0.0
ecfp6_bit_0583,-0.0,0.0
ecfp6_bit_0584,-0.0,0.0
ecfp6_bit_0585,-0.0,0.0
ecfp6_bit_0586,-0.0,0.0
ecfp6_bit_0588,0.0,0.0
ecfp6_bit_0589,0.0,0.0
ecfp6_bit_0590,-0.0,0.0
ecfp6_bit_0592,-0.0,0.0
ecfp6_bit_0593,-0.0,0.0
ecfp6_bit_0594,-0.0,0.0
ecfp6_bit_0595,0.0,0.0
ecfp6_bit_0596,0.0,0.0
ecfp6_bit_0597,0.0,0.0
ecfp6_bit_0598,-0.0,0.0
ecfp6_bit_0599,0.0,0.0
ecfp6_bit_0600,-0.0,0.0
ecfp6_bit_0602,0.0,0.0
ecfp6_bit_0603,0.0,0.0
ecfp6_bit_0604,-0.0,0.0
ecfp6_bit_0605,0.0,0.0
ecfp6_bit_0606,0.0,0.0
ecfp6_bit_0607,0.0,0.0
ecfp6_bit_0608,-0.0,0.0
ecfp6_bit_0609,-0.0,0.0
ecfp6_bit_0610,0.0,0.0
ecfp6_bit_0611,-0.0,0.0
ecfp6_bit_0612,0.0,0.0
ecfp6_bit_0613,0.0,0.0
ecfp6_bit_0614,-0.0,0.0
ecfp6_bit_0615,-0.0,0.0
ecfp6_bit_0616,0.0,0.0
ecfp6_bit_0617,-0.0,0.0
ecfp6_bit_0618,0.0,0.0
ecfp6_bit_0619,0.0,0.0
ecfp6_bit_0620,0.0,0.0
ecfp6_bit_0621,-0.0,0.0
ecfp6_bit_0622,-0.0,0.0
ecfp6_bit_0623,-0.0,0.0
ecfp6_bit_0624,0.0,0.0
ecfp6_bit_0625,-0.0,0.0
ecfp6_bit_0626,0.0,0.0
ecfp6_bit_0627,0.0,0.0
ecfp6_bit_0628,0.0,0.0
ecfp6_bit_0629,0.0,0.0
ecfp6_bit_0630,0.0,0.0
ecfp6_bit_0631,0.0,0.0
ecfp6_bit_0632,0.0,0.0
ecfp6_bit_0633,0.0,0.0
ecfp6_bit_0634,-0.0,0.0
ecfp6_bit_0635,-0.0,0.0
ecfp6_bit_0636,0.0,0.0
ecfp6_bit_0637,0.0,0.0
ecfp6_bit_0638,0.0,0.0
ecfp6_bit_0639,-0.0,0.0
ecfp6_bit_0640,-0.0,0.0
ecfp6_bit_0641,-0.0,0.0
ecfp6_bit_0642,0.0,0.0
ecfp6_bit_0643,0.0,0.0
ecfp6_bit_0644,-0.0,0.0
ecfp6_bit_0645,-0.0,0.0
ecfp6_bit_0646,0.0,0.0
ecfp6_bit_0647,-0.0,0.0
ecfp6_bit_0648,0.0,0.0
ecfp6_bit_0649,0.0,0.0
ecfp6_bit_0650,0.0,0.0
ecfp6_bit_0653,0.0,0.0
ecfp6_bit_0655,-0.0,0.0
ecfp6_bit_0656,0.0,0.0
ecfp6_bit_0657,-0.0,0.0
ecfp6_bit_0658,0.0,0.0
ecfp6_bit_0660,0.0,0.0
ecfp6_bit_0662,-0.0,0.0
ecfp6_bit_0663,-0.0,0.0
ecfp6_bit_0664,0.0,0.0
ecfp6_bit_0665,-0.0,0.0
ecfp6_bit_0666,-0.0,0.0
ecfp6_bit_0667,-0.0,0.0
ecfp6_bit_0668,0.0,0.0
ecfp6_bit_0669,-0.0,0.0
ecfp6_bit_0670,-0.0,0.0
ecfp6_bit_0671,0.0,0.0
ecfp6_bit_0672,0.0,0.0
ecfp6_bit_0673,-0.0,0.0
ecfp6_bit_0674,0.0,0.0
ecfp6_bit_0675,0.0,0.0
ecfp6_bit_0677,-0.0,0.0
ecfp6_bit_0678,0.0,0.0
ecfp6_bit_0679,0.0,0.0
ecfp6_bit_0680,0.0,0.0
ecfp6_bit_0681,0.0,0.0
ecfp6_bit_0682,0.0,0.0
ecfp6_bit_0683,0.0,0.0
ecfp6_bit_0684,0.0,0.0
ecfp6_bit_0685,0.0,0.0
ecfp6_bit_0687,0.0,0.0
ecfp6_bit_0688,-0.0,0.0
ecfp6_bit_0689,0.0,0.0
ecfp6_bit_0690,0.0,0.0
ecfp6_bit_0691,-0.0,0.0
ecfp6_bit_0692,-0.0,0.0
ecfp6_bit_0693,-0.0,0.0
ecfp6_bit_0694,0.0,0.0
ecfp6_bit_0695,0.0,0.0
ecfp6_bit_0697,-0.0,0.0
ecfp6_bit_0698,-0.0,0.0
ecfp6_bit_0699,0.0,0.0
ecfp6_bit_0700,0.0,0.0
ecfp6_bit_0701,0.0,0.0
ecfp6_bit_0702,0.0,0.0
ecfp6_bit_0704,-0.0,0.0
ecfp6_bit_0705,0.0,0.0
ecfp6_bit_0706,0.0,0.0
ecfp6_bit_0707,0.0,0.0
ecfp6_bit_0708,0.0,0.0
ecfp6_bit_0709,-0.0,0.0
ecfp6_bit_0711,0.0,0.0
ecfp6_bit_0712,0.0,0.0
ecfp6_bit_0713,-0.0,0.0
ecfp6_bit_0714,-0.0,0.0
ecfp6_bit_0715,-0.0,0.0
ecfp6_bit_0716,-0.0,0.0
ecfp6_bit_0717,0.0,0.0
ecfp6_bit_0718,-0.0,0.0
ecfp6_bit_0719,0.0,0.0
ecfp6_bit_0720,0.0,0.0
ecfp6_bit_0721,0.0,0.0
ecfp6_bit_0722,0.0,0.0
ecfp6_bit_0723,-0.0,0.0
ecfp6_bit_0724,-0.0,0.0
ecfp6_bit_0725,0.0,0.0
ecfp6_bit_0728,0.0,0.0
ecfp6_bit_0729,-0.0,0.0
ecfp6_bit_0730,0.0,0.0
ecfp6_bit_0732,-0.0,0.0
ecfp6_bit_0733,0.0,0.0
ecfp6_bit_0734,-0.0,0.0
ecfp6_bit_0735,0.0,0.0
ecfp6_bit_0736,0.0,0.0
ecfp6_bit_0737,-0.0,0.0
ecfp6_bit_0738,-0.0,0.0
ecfp6_bit_0739,0.0,0.0
ecfp6_bit_0740,0.0,0.0
ecfp6_bit_0741,0.0,0.0
ecfp6_bit_0742,0.0,0.0
ecfp6_bit_0743,0.0,0.0
ecfp6_bit_0744,0.0,0.0
ecfp6_bit_0745,-0.0,0.0
ecfp6_bit_0746,0.0,0.0
ecfp6_bit_0747,-0.0,0.0
ecfp6_bit_0748,0.0,0.0
ecfp6_bit_0751,-0.0,0.0
ecfp6_bit_0752,0.0,0.0
ecfp6_bit_0753,0.0,0.0
ecfp6_bit_0754,0.0,0.0
ecfp6_bit_0756,0.0,0.0
ecfp6_bit_0757,0.0,0.0
ecfp6_bit_0758,0.0,0.0
ecfp6_bit_0759,-0.0,0.0
ecfp6_bit_0760,0.0,0.0
ecfp6_bit_0762,0.0,0.0
ecfp6_bit_0763,-0.0,0.0
ecfp6_bit_0764,-0.0,0.0
ecfp6_bit_0766,-0.0,0.0
ecfp6_bit_0767,0.0,0.0
ecfp6_bit_0768,-0.0,0.0
ecfp6_bit_0769,0.0,0.0
ecfp6_bit_0770,-0.0,0.0
ecfp6_bit_0771,-0.0,0.0
ecfp6_bit_0772,0.0,0.0
ecfp6_bit_0773,0.0,0.0
ecfp6_bit_0774,-0.0,0.0
ecfp6_bit_0775,0.0,0.0
ecfp6_bit_0776,0.0,0.0
ecfp6_bit_0777,0.0,0.0
ecfp6_bit_0778,-0.0,0.0
ecfp6_bit_0779,0.0,0.0
ecfp6_bit_0780,-0.0,0.0
ecfp6_bit_0781,-0.0,0.0
ecfp6_bit_0782,0.0,0.0
ecfp6_bit_0783,-0.0,0.0
ecfp6_bit_0784,0.0,0.0
ecfp6_bit_0785,0.0,0.0
ecfp6_bit_0786,-0.0,0.0
ecfp6_bit_0787,0.0,0.0
ecfp6_bit_0788,0.0,0.0
ecfp6_bit_0789,-0.0,0.0
ecfp6_bit_0790,0.0,0.0
ecfp6_bit_0791,-0.0,0.0
ecfp6_bit_0792,0.0,0.0
ecfp6_bit_0793,-0.0,0.0
ecfp6_bit_0795,-0.0,0.0
ecfp6_bit_0796,-0.0,0.0
ecfp6_bit_0797,0.0,0.0
ecfp6_bit_0798,-0.0,0.0
ecfp6_bit_0799,0.0,0.0
ecfp6_bit_0800,-0.0,0.0
ecfp6_bit_0801,-0.0,0.0
ecfp6_bit_0802,-0.0,0.0
ecfp6_bit_0803,0.0,0.0
ecfp6_bit_0804,-0.0,0.0
ecfp6_bit_0805,0.0,0.0
ecfp6_bit_0806,-0.0,0.0
ecfp6_bit_0807,0.0,0.0
ecfp6_bit_0808,0.0,0.0
ecfp6_bit_0809,0.0,0.0
ecfp6_bit_0810,0.0,0.0
ecfp6_bit_0811,0.0,0.0
ecfp6_bit_0812,-0.0,0.0
ecfp6_bit_0813,0.0,0.0
ecfp6_bit_0815,0.0,0.0
ecfp6_bit_0816,0.0,0.0
ecfp6_bit_0817,-0.0,0.0
ecfp6_bit_0818,-0.0,0.0
ecfp6_bit_0819,0.0,0.0
ecfp6_bit_0820,-0.0,0.0
ecfp6_bit_0821,-0.0,0.0
ecfp6_bit_0822,0.0,0.0
ecfp6_bit_0823,0.0,0.0
ecfp6_bit_0824,0.0,0.0
ecfp6_bit_0825,0.0,0.0
ecfp6_bit_0826,-0.0,0.0
ecfp6_bit_0827,-0.0,0.0
ecfp6_bit_0828,0.0,0.0
ecfp6_bit_0829,-0.0,0.0
ecfp6_bit_0830,0.0,0.0
ecfp6_bit_0831,0.0,0.0
ecfp6_bit_0832,-0.0,0.0
ecfp6_bit_0833,-0.0,0.0
ecfp6_bit_0834,-0.0,0.0
ecfp6_bit_0835,0.0,0.0
ecfp6_bit_0836,0.0,0.0
ecfp6_bit_0837,-0.0,0.0
ecfp6_bit_0838,-0.0,0.0
ecfp6_bit_0839,-0.0,0.0
ecfp6_bit_0840,-0.0,0.0
ecfp6_bit_0841,0.0,0.0
ecfp6_bit_0842,-0.0,0.0
ecfp6_bit_0843,0.0,0.0
ecfp6_bit_0844,0.0,0.0
ecfp6_bit_0845,0.0,0.0
ecfp6_bit_0846,0.0,0.0
ecfp6_bit_0847,-0.0,0.0
ecfp6_bit_0848,0.0,0.0
ecfp6_bit_0850,0.0,0.0
ecfp6_bit_0851,-0.0,0.0
ecfp6_bit_0852,0.0,0.0
ecfp6_bit_0853,-0.0,0.0
ecfp6_bit_0854,-0.0,0.0
ecfp6_bit_0855,0.0,0.0
ecfp6_bit_0856,0.0,0.0
ecfp6_bit_0857,0.0,0.0
ecfp6_bit_0858,0.0,0.0
ecfp6_bit_0859,-0.0,0.0
ecfp6_bit_0860,0.0,0.0
ecfp6_bit_0861,0.0,0.0
ecfp6_bit_0862,-0.0,0.0
ecfp6_bit_0863,-0.0,0.0
ecfp6_bit_0864,-0.0,0.0
ecfp6_bit_0865,0.0,0.0
ecfp6_bit_0866,0.0,0.0
ecfp6_bit_0867,-0.0,0.0
ecfp6_bit_0868,-0.0,0.0
ecfp6_bit_0869,0.0,0.0
ecfp6_bit_0870,-0.0,0.0
ecfp6_bit_0871,-0.0,0.0
ecfp6_bit_0872,-0.0,0.0
ecfp6_bit_0874,-0.0,0.0
ecfp6_bit_0875,0.0,0.0
ecfp6_bit_0876,0.0,0.0
ecfp6_bit_0877,0.0,0.0
ecfp6_bit_0878,0.0,0.0
ecfp6_bit_0879,0.0,0.0
ecfp6_bit_0880,-0.0,0.0
ecfp6_bit_0881,-0.0,0.0
ecfp6_bit_0882,0.0,0.0
ecfp6_bit_0883,-0.0,0.0
ecfp6_bit_0884,-0.0,0.0
ecfp6_bit_0885,0.0,0.0
ecfp6_bit_0886,-0.0,0.0
ecfp6_bit_0887,-0.0,0.0
ecfp6_bit_0888,0.0,0.0
ecfp6_bit_0889,0.0,0.0
ecfp6_bit_0890,0.0,0.0
ecfp6_bit_0891,-0.0,0.0
ecfp6_bit_0892,0.0,0.0
ecfp6_bit_0893,0.0,0.0
ecfp6_bit_0894,-0.0,0.0
ecfp6_bit_0895,0.0,0.0
ecfp6_bit_0896,-0.0,0.0
ecfp6_bit_0897,-0.0,0.0
ecfp6_bit_0899,0.0,0.0
ecfp6_bit_0900,0.0,0.0
ecfp6_bit_0902,0.0,0.0
ecfp6_bit_0903,-0.0,0.0
ecfp6_bit_0904,0.0,0.0
ecfp6_bit_0905,0.0,0.0
ecfp6_bit_0906,-0.0,0.0
ecfp6_bit_0907,0.0,0.0
ecfp6_bit_0908,0.0,0.0
ecfp6_bit_0909,0.0,0.0
ecfp6_bit_0910,-0.0,0.0
ecfp6_bit_0911,0.0,0.0
ecfp6_bit_0912,-0.0,0.0
ecfp6_bit_0913,-0.0,0.0
ecfp6_bit_0914,0.0,0.0
ecfp6_bit_0915,0.0,0.0
ecfp6_bit_0916,0.0,0.0
ecfp6_bit_0917,-0.0,0.0
ecfp6_bit_0918,-0.0,0.0
ecfp6_bit_0920,0.0,0.0
ecfp6_bit_0921,0.0,0.0
ecfp6_bit_0922,-0.0,0.0
ecfp6_bit_0923,0.0,0.0
ecfp6_bit_0924,0.0,0.0
ecfp6_bit_0925,0.0,0.0
ecfp6_bit_0926,0.0,0.0
ecfp6_bit_0928,-0.0,0.0
ecfp6_bit_0929,0.0,0.0
ecfp6_bit_0930,0.0,0.0
ecfp6_bit_0931,-0.0,0.0
ecfp6_bit_0932,-0.0,0.0
ecfp6_bit_0933,0.0,0.0
ecfp6_bit_0934,-0.0,0.0
ecfp6_bit_0935,-0.0,0.0
ecfp6_bit_0936,-0.0,0.0
ecfp6_bit_0937,0.0,0.0
ecfp6_bit_0938,-0.0,0.0
ecfp6_bit_0939,-0.0,0.0
ecfp6_bit_0940,-0.0,0.0
ecfp6_bit_0941,-0.0,0.0
ecfp6_bit_0942,-0.0,0.0
ecfp6_bit_0943,-0.0,0.0
ecfp6_bit_0944,-0.0,0.0
ecfp6_bit_0945,0.0,0.0
ecfp6_bit_0946,-0.0,0.0
ecfp6_bit_0947,-0.0,0.0
ecfp6_bit_0948,-0.0,0.0
ecfp6_bit_0949,-0.0,0.0
ecfp6_bit_0950,0.0,0.0
ecfp6_bit_0951,0.0,0.0
ecfp6_bit_0952,0.0,0.0
ecfp6_bit_0953,-0.0,0.0
ecfp6_bit_0954,0.0,0.0
ecfp6_bit_0956,0.0,0.0
ecfp6_bit_0957,0.0,0.0
ecfp6_bit_0958,-0.0,0.0
ecfp6_bit_0959,0.0,0.0
ecfp6_bit_0960,-0.0,0.0
ecfp6_bit_0962,-0.0,0.0
ecfp6_bit_0963,0.0,0.0
ecfp6_bit_0965,-0.0,0.0
ecfp6_bit_0966,0.0,0.0
ecfp6_bit_0967,0.0,0.0
ecfp6_bit_0968,-0.0,0.0
ecfp6_bit_0969,0.0,0.0
ecfp6_bit_0970,-0.0,0.0
ecfp6_bit_0971,-0.0,0.0
ecfp6_bit_0972,0.0,0.0
ecfp6_bit_0973,0.0,0.0
ecfp6_bit_0974,-0.0,0.0
ecfp6_bit_0975,-0.0,0.0
ecfp6_bit_0976,-0.0,0.0
ecfp6_bit_0977,0.0,0.0
ecfp6_bit_0978,0.0,0.0
ecfp6_bit_0980,0.0,0.0
ecfp6_bit_0982,0.0,0.0
ecfp6_bit_0983,-0.0,0.0
ecfp6_bit_0984,0.0,0.0
ecfp6_bit_0985,0.0,0.0
ecfp6_bit_0986,-0.0,0.0
ecfp6_bit_0987,0.0,0.0
ecfp6_bit_0988,-0.0,0.0
ecfp6_bit_0989,-0.0,0.0
ecfp6_bit_0990,-0.0,0.0
ecfp6_bit_0991,0.0,0.0
ecfp6_bit_0992,0.0,0.0
ecfp6_bit_0993,0.0,0.0
ecfp6_bit_0995,0.0,0.0
ecfp6_bit_0996,-0.0,0.0
ecfp6_bit_0998,-0.0,0.0
ecfp6_bit_0999,-0.0,0.0
ecfp6_bit_1000,-0.0,0.0
ecfp6_bit_1002,0.0,0.0
ecfp6_bit_1003,-0.0,0.0
ecfp6_bit_1004,-0.0,0.0
ecfp6_bit_1005,0.0,0.0
ecfp6_bit_1006,-0.0,0.0
ecfp6_bit_1007,0.0,0.0
ecfp6_bit_1008,0.0,0.0
ecfp6_bit_1009,-0.0,0.0
ecfp6_bit_1010,0.0,0.0
ecfp6_bit_1011,0.0,0.0
ecfp6_bit_1012,0.0,0.0
ecfp6_bit_1013,-0.0,0.0
ecfp6_bit_1015,0.0,0.0
ecfp6_bit_1018,0.0,0.0
ecfp6_bit_1019,0.0,0.0
ecfp6_bit_1022,0.0,0.0
ecfp6_bit_1023,0.0,0.0
fcfp6_bit_0000,-0.0,0.0
fcfp6_bit_0001,0.0,0.0
fcfp6_bit_0002,0.0,0.0
fcfp6_bit_0003,-0.0,0.0
fcfp6_bit_0004,-0.0,0.0
fcfp6_bit_0005,0.0,0.0
fcfp6_bit_0006,0.0,0.0
fcfp6_bit_0007,0.0,0.0
fcfp6_bit_0008,0.0,0.0
fcfp6_bit_0009,0.0,0.0
fcfp6_bit_0010,0.0,0.0
fcfp6_bit_0011,-0.0,0.0
fcfp6_bit_0013,-0.0,0.0
fcfp6_bit_0014,-0.0,0.0
fcfp6_bit_0015,-0.0,0.0
fcfp6_bit_0016,0.0,0.0
fcfp6_bit_0017,-0.0,0.0
fcfp6_bit_0018,-0.0,0.0
fcfp6_bit_0019,-0.0,0.0
fcfp6_bit_0020,0.0,0.0
fcfp6_bit_0021,-0.0,0.0
fcfp6_bit_0023,0.0,0.0
fcfp6_bit_0024,-0.0,0.0
fcfp6_bit_0025,-0.0,0.0
fcfp6_bit_0026,0.0,0.0
fcfp6_bit_0027,-0.0,0.0
fcfp6_bit_0028,0.0,0.0
fcfp6_bit_0029,-0.0,0.0
fcfp6_bit_0030,-0.0,0.0
fcfp6_bit_0031,0.0,0.0
fcfp6_bit_0034,0.0,0.0
fcfp6_bit_0035,-0.0,0.0
fcfp6_bit_0036,0.0,0.0
fcfp6_bit_0037,-0.0,0.0
fcfp6_bit_0038,-0.0,0.0
fcfp6_bit_0039,0.0,0.0
fcfp6_bit_0040,0.0,0.0
fcfp6_bit_0041,-0.0,0.0
fcfp6_bit_0042,0.0,0.0
fcfp6_bit_0043,-0.0,0.0
fcfp6_bit_0044,-0.0,0.0
fcfp6_bit_0045,0.0,0.0
fcfp6_bit_0047,0.0,0.0
fcfp6_bit_0048,-0.0,0.0
fcfp6_bit_0050,-0.0,0.0
fcfp6_bit_0051,0.0,0.0
fcfp6_bit_0052,0.0,0.0
fcfp6_bit_0053,-0.0,0.0
fcfp6_bit_0054,-0.0,0.0
fcfp6_bit_0056,0.0,0.0
fcfp6_bit_0057,-0.0,0.0
fcfp6_bit_0058,-0.0,0.0
fcfp6_bit_0059,-0.0,0.0
fcfp6_bit_0060,-0.0,0.0
fcfp6_bit_0061,-0.0,0.0
fcfp6_bit_0062,0.0,0.0
fcfp6_bit_0063,-0.0,0.0
fcfp6_bit_0064,0.0,0.0
fcfp6_bit_0065,0.0,0.0
fcfp6_bit_0066,0.0,0.0
fcfp6_bit_0067,0.0,0.0
fcfp6_bit_0068,-0.0,0.0
fcfp6_bit_0069,0.0,0.0
fcfp6_bit_0071,-0.0,0.0
fcfp6_bit_0072,0.0,0.0
fcfp6_bit_0074,0.0,0.0
fcfp6_bit_0075,-0.0,0.0
fcfp6_bit_0076,0.0,0.0
fcfp6_bit_0079,0.0,0.0
fcfp6_bit_0080,0.0,0.0
fcfp6_bit_0081,-0.0,0.0
fcfp6_bit_0082,-0.0,0.0
fcfp6_bit_0083,0.0,0.0
fcfp6_bit_0084,-0.0,0.0
fcfp6_bit_0085,-0.0,0.0
fcfp6_bit_0086,-0.0,0.0
fcfp6_bit_0087,-0.0,0.0
fcfp6_bit_0089,-0.0,0.0
fcfp6_bit_0090,-0.0,0.0
fcfp6_bit_0092,-0.0,0.0
fcfp6_bit_0094,0.0,0.0
fcfp6_bit_0095,0.0,0.0
fcfp6_bit_0096,0.0,0.0
fcfp6_bit_0098,-0.0,0.0
fcfp6_bit_0099,-0.0,0.0
fcfp6_bit_0100,0.0,0.0
fcfp6_bit_0101,-0.0,0.0
fcfp6_bit_0102,-0.0,0.0
fcfp6_bit_0103,0.0,0.0
fcfp6_bit_0104,0.0,0.0
fcfp6_bit_0105,0.0,0.0
fcfp6_bit_0106,0.0,0.0
fcfp6_bit_0107,0.0,0.0
fcfp6_bit_0108,-0.0,0.0
fcfp6_bit_0109,0.0,0.0
fcfp6_bit_0110,-0.0,0.0
fcfp6_bit_0112,-0.0,0.0
fcfp6_bit_0114,-0.0,0.0
fcfp6_bit_0115,-0.0,0.0
fcfp6_bit_0116,0.0,0.0
fcfp6_bit_0117,0.0,0.0
fcfp6_bit_0119,0.0,0.0
fcfp6_bit_0120,0.0,0.0
fcfp6_bit_0121,0.0,0.0
fcfp6_bit_0122,0.0,0.0
fcfp6_bit_0123,-0.0,0.0
fcfp6_bit_0124,0.0,0.0
fcfp6_bit_0125,0.0,0.0
fcfp6_bit_0126,0.0,0.0
fcfp6_bit_0127,0.0,0.0
fcfp6_bit_0128,-0.0,0.0
fcfp6_bit_0129,-0.0,0.0
fcfp6_bit_0130,0.0,0.0
fcfp6_bit_0131,-0.0,0.0
fcfp6_bit_0132,0.0,0.0
fcfp6_bit_0133,0.0,0.0
fcfp6_bit_0134,0.0,0.0
fcfp6_bit_0135,-0.0,0.0
fcfp6_bit_0136,0.0,0.0
fcfp6_bit_0137,0.0,0.0
fcfp6_bit_0138,0.0,0.0
fcfp6_bit_0140,0.0,0.0
fcfp6_bit_0141,0.0,0.0
fcfp6_bit_0145,0.0,0.0
fcfp6_bit_0146,0.0,0.0
fcfp6_bit_0147,-0.0,0.0
fcfp6_bit_0148,-0.0,0.0
fcfp6_bit_0149,0.0,0.0
fcfp6_bit_0150,-0.0,0.0
fcfp6_bit_0151,0.0,0.0
fcfp6_bit_0152,0.0,0.0
fcfp6_bit_0153,-0.0,0.0
fcfp6_bit_0154,-0.0,0.0
fcfp6_bit_0155,-0.0,0.0
fcfp6_bit_0156,-0.0,0.0
fcfp6_bit_0157,0.0,0.0
fcfp6_bit_0158,0.0,0.0
fcfp6_bit_0159,0.0,0.0
fcfp6_bit_0161,0.0,0.0
fcfp6_bit_0162,-0.0,0.0
fcfp6_bit_0163,0.0,0.0
fcfp6_bit_0164,0.0,0.0
fcfp6_bit_0165,-0.0,0.0
fcfp6_bit_0167,0.0,0.0
fcfp6_bit_0168,0.0,0.0
fcfp6_bit_0169,0.0,0.0
fcfp6_bit_0171,0.0,0.0
fcfp6_bit_0172,-0.0,0.0
fcfp6_bit_0173,0.0,0.0
fcfp6_bit_0175,0.0,0.0
fcfp6_bit_0176,0.0,0.0
fcfp6_bit_0177,0.0,0.0
fcfp6_bit_0178,0.0,0.0
fcfp6_bit_0179,-0.0,0.0
fcfp6_bit_0180,0.0,0.0
fcfp6_bit_0182,0.0,0.0
fcfp6_bit_0183,0.0,0.0
fcfp6_bit_0184,0.0,0.0
fcfp6_bit_0185,-0.0,0.0
fcfp6_bit_0186,-0.0,0.0
fcfp6_bit_0187,0.0,0.0
fcfp6_bit_0188,0.0,0.0
fcfp6_bit_0189,-0.0,0.0
fcfp6_bit_0191,0.0,0.0
fcfp6_bit_0192,0.0,0.0
fcfp6_bit_0193,-0.0,0.0
fcfp6_bit_0194,-0.0,0.0
fcfp6_bit_0197,0.0,0.0
fcfp6_bit_0198,0.0,0.0
fcfp6_bit_0199,0.0,0.0
fcfp6_bit_0200,0.0,0.0
fcfp6_bit_0201,-0.0,0.0
fcfp6_bit_0203,-0.0,0.0
fcfp6_bit_0204,-0.0,0.0
fcfp6_bit_0205,-0.0,0.0
fcfp6_bit_0206,-0.0,0.0
fcfp6_bit_0207,-0.0,0.0
fcfp6_bit_0208,0.0,0.0
fcfp6_bit_0209,0.0,0.0
fcfp6_bit_0210,-0.0,0.0
fcfp6_bit_0211,-0.0,0.0
fcfp6_bit_0212,-0.0,0.0
fcfp6_bit_0214,-0.0,0.0
fcfp6_bit_0215,-0.0,0.0
fcfp6_bit_0216,0.0,0.0
fcfp6_bit_0217,-0.0,0.0
fcfp6_bit_0218,-0.0,0.0
fcfp6_bit_0219,-0.0,0.0
fcfp6_bit_0220,0.0,0.0
fcfp6_bit_0221,-0.0,0.0
fcfp6_bit_0223,0.0,0.0
fcfp6_bit_0224,-0.0,0.0
fcfp6_bit_0225,0.0,0.0
fcfp6_bit_0226,0.0,0.0
fcfp6_bit_0227,-0.0,0.0
fcfp6_bit_0228,0.0,0.0
fcfp6_bit_0229,-0.0,0.0
fcfp6_bit_0230,0.0,0.0
fcfp6_bit_0232,0.0,0.0
fcfp6_bit_0233,0.0,0.0
fcfp6_bit_0234,0.0,0.0
fcfp6_bit_0235,-0.0,0.0
fcfp6_bit_0236,-0.0,0.0
fcfp6_bit_0237,0.0,0.0
fcfp6_bit_0238,-0.0,0.0
fcfp6_bit_0240,-0.0,0.0
fcfp6_bit_0241,-0.0,0.0
fcfp6_bit_0244,0.0,0.0
fcfp6_bit_0245,0.0,0.0
fcfp6_bit_0246,-0.0,0.0
fcfp6_bit_0247,-0.0,0.0
fcfp6_bit_0248,-0.0,0.0
fcfp6_bit_0249,-0.0,0.0
fcfp6_bit_0250,-0.0,0.0
fcfp6_bit_0251,-0.0,0.0
fcfp6_bit_0252,0.0,0.0
fcfp6_bit_0253,0.0,0.0
fcfp6_bit_0254,-0.0,0.0
fcfp6_bit_0255,0.0,0.0
fcfp6_bit_0256,-0.0,0.0
fcfp6_bit_0257,-0.0,0.0
fcfp6_bit_0258,0.0,0.0
fcfp6_bit_0259,0.0,0.0
fcfp6_bit_0260,0.0,0.0
fcfp6_bit_0261,-0.0,0.0
fcfp6_bit_0262,0.0,0.0
fcfp6_bit_0263,-0.0,0.0
fcfp6_bit_0264,0.0,0.0
fcfp6_bit_0266,-0.0,0.0
fcfp6_bit_0268,0.0,0.0
fcfp6_bit_0269,0.0,0.0
fcfp6_bit_0271,-0.0,0.0
fcfp6_bit_0272,0.0,0.0
fcfp6_bit_0273,-0.0,0.0
fcfp6_bit_0274,0.0,0.0
fcfp6_bit_0275,0.0,0.0
fcfp6_bit_0276,-0.0,0.0
fcfp6_bit_0277,-0.0,0.0
fcfp6_bit_0278,-0.0,0.0
fcfp6_bit_0279,0.0,0.0
fcfp6_bit_0280,0.0,0.0
fcfp6_bit_0281,0.0,0.0
fcfp6_bit_0282,-0.0,0.0
fcfp6_bit_0283,-0.0,0.0
fcfp6_bit_0284,0.0,0.0
fcfp6_bit_0286,-0.0,0.0
fcfp6_bit_0287,-0.0,0.0
fcfp6_bit_0288,-0.0,0.0
fcfp6_bit_0289,0.0,0.0
fcfp6_bit_0290,0.0,0.0
fcfp6_bit_0291,0.0,0.0
fcfp6_bit_0292,0.0,0.0
fcfp6_bit_0293,-0.0,0.0
fcfp6_bit_0294,-0.0,0.0
fcfp6_bit_0295,-0.0,0.0
fcfp6_bit_0296,-0.0,0.0
fcfp6_bit_0297,-0.0,0.0
fcfp6_bit_0298,-0.0,0.0
fcfp6_bit_0299,0.0,0.0
fcfp6_bit_0301,0.0,0.0
fcfp6_bit_0302,0.0,0.0
fcfp6_bit_0303,-0.0,0.0
fcfp6_bit_0305,-0.0,0.0
fcfp6_bit_0306,0.0,0.0
fcfp6_bit_0309,0.0,0.0
fcfp6_bit_0310,-0.0,0.0
fcfp6_bit_0311,-0.0,0.0
fcfp6_bit_0313,-0.0,0.0
fcfp6_bit_0315,0.0,0.0
fcfp6_bit_0316,0.0,0.0
fcfp6_bit_0317,-0.0,0.0
fcfp6_bit_0318,0.0,0.0
fcfp6_bit_0319,0.0,0.0
fcfp6_bit_0320,0.0,0.0
fcfp6_bit_0321,0.0,0.0
fcfp6_bit_0322,-0.0,0.0
fcfp6_bit_0323,-0.0,0.0
fcfp6_bit_0324,-0.0,0.0
fcfp6_bit_0325,-0.0,0.0
fcfp6_bit_0326,-0.0,0.0
fcfp6_bit_0327,0.0,0.0
fcfp6_bit_0328,0.0,0.0
fcfp6_bit_0330,-0.0,0.0
fcfp6_bit_0331,-0.0,0.0
fcfp6_bit_0332,0.0,0.0
fcfp6_bit_0333,0.0,0.0
fcfp6_bit_0334,0.0,0.0
fcfp6_bit_0335,-0.0,0.0
fcfp6_bit_0336,0.0,0.0
fcfp6_bit_0339,0.0,0.0
fcfp6_bit_0340,-0.0,0.0
fcfp6_bit_0341,0.0,0.0
fcfp6_bit_0342,-0.0,0.0
fcfp6_bit_0343,-0.0,0.0
fcfp6_bit_0344,-0.0,0.0
fcfp6_bit_0345,0.0,0.0
fcfp6_bit_0347,-0.0,0.0
fcfp6_bit_0348,-0.0,0.0
fcfp6_bit_0349,0.0,0.0
fcfp6_bit_0350,0.0,0.0
fcfp6_bit_0351,0.0,0.0
fcfp6_bit_0352,0.0,0.0
fcfp6_bit_0353,0.0,0.0
fcfp6_bit_0354,-0.0,0.0
fcfp6_bit_0355,-0.0,0.0
fcfp6_bit_0356,-0.0,0.0
fcfp6_bit_0357,-0.0,0.0
fcfp6_bit_0358,0.0,0.0
fcfp6_bit_0359,0.0,0.0
fcfp6_bit_0360,0.0,0.0
fcfp6_bit_0361,0.0,0.0
fcfp6_bit_0363,-0.0,0.0
fcfp6_bit_0364,-0.0,0.0
fcfp6_bit_0365,-0.0,0.0
fcfp6_bit_0366,0.0,0.0
fcfp6_bit_0367,0.0,0.0
fcfp6_bit_0368,-0.0,0.0
fcfp6_bit_0369,-0.0,0.0
fcfp6_bit_0371,0.0,0.0
fcfp6_bit_0372,0.0,0.0
fcfp6_bit_0374,-0.0,0.0
fcfp6_bit_0375,0.0,0.0
fcfp6_bit_0376,-0.0,0.0
fcfp6_bit_0377,-0.0,0.0
fcfp6_bit_0378,0.0,0.0
fcfp6_bit_0379,0.0,0.0
fcfp6_bit_0380,0.0,0.0
fcfp6_bit_0381,-0.0,0.0
fcfp6_bit_0382,-0.0,0.0
fcfp6_bit_0383,-0.0,0.0
fcfp6_bit_0384,0.0,0.0
fcfp6_bit_0385,-0.0,0.0
fcfp6_bit_0386,0.0,0.0
fcfp6_bit_0387,-0.0,0.0
fcfp6_bit_0388,-0.0,0.0
fcfp6_bit_0389,-0.0,0.0
fcfp6_bit_0390,0.0,0.0
fcfp6_bit_0391,-0.0,0.0
fcfp6_bit_0392,0.0,0.0
fcfp6_bit_0393,0.0,0.0
fcfp6_bit_0394,0.0,0.0
fcfp6_bit_0395,-0.0,0.0
fcfp6_bit_0396,-0.0,0.0
fcfp6_bit_0397,-0.0,0.0
fcfp6_bit_0398,-0.0,0.0
fcfp6_bit_0400,-0.0,0.0
fcfp6_bit_0401,-0.0,0.0
fcfp6_bit_0402,0.0,0.0
fcfp6_bit_0403,0.0,0.0
fcfp6_bit_0404,0.0,0.0
fcfp6_bit_0405,0.0,0.0
fcfp6_bit_0406,-0.0,0.0
fcfp6_bit_0407,0.0,0.0
fcfp6_bit_0408,0.0,0.0
fcfp6_bit_0409,-0.0,0.0
fcfp6_bit_0410,-0.0,0.0
fcfp6_bit_0411,0.0,0.0
fcfp6_bit_0412,-0.0,0.0
fcfp6_bit_0413,-0.0,0.0
fcfp6_bit_0414,0.0,0.0
fcfp6_bit_0415,0.0,0.0
fcfp6_bit_0416,-0.0,0.0
fcfp6_bit_0417,-0.0,0.0
fcfp6_bit_0418,0.0,0.0
fcfp6_bit_0419,0.0,0.0
fcfp6_bit_0420,-0.0,0.0
fcfp6_bit_0421,-0.0,0.0
fcfp6_bit_0422,0.0,0.0
fcfp6_bit_0423,-0.0,0.0
fcfp6_bit_0424,0.0,0.0
fcfp6_bit_0425,-0.0,0.0
fcfp6_bit_0426,0.0,0.0
fcfp6_bit_0427,-0.0,0.0
fcfp6_bit_0428,0.0,0.0
fcfp6_bit_0429,0.0,0.0
fcfp6_bit_0430,-0.0,0.0
fcfp6_bit_0431,0.0,0.0
fcfp6_bit_0432,0.0,0.0
fcfp6_bit_0433,0.0,0.0
fcfp6_bit_0435,-0.0,0.0
fcfp6_bit_0436,-0.0,0.0
fcfp6_bit_0438,0.0,0.0
fcfp6_bit_0439,-0.0,0.0
fcfp6_bit_0441,0.0,0.0
fcfp6_bit_0442,-0.0,0.0
fcfp6_bit_0443,0.0,0.0
fcfp6_bit_0444,-0.0,0.0
fcfp6_bit_0445,0.0,0.0
fcfp6_bit_0446,0.0,0.0
fcfp6_bit_0447,0.0,0.0
fcfp6_bit_0448,0.0,0.0
fcfp6_bit_0449,0.0,0.0
fcfp6_bit_0451,-0.0,0.0
fcfp6_bit_0453,0.0,0.0
fcfp6_bit_0454,-0.0,0.0
fcfp6_bit_0455,0.0,0.0
fcfp6_bit_0456,-0.0,0.0
fcfp6_bit_0458,-0.0,0.0
fcfp6_bit_0459,-0.0,0.0
fcfp6_bit_0460,0.0,0.0
fcfp6_bit_0462,0.0,0.0
fcfp6_bit_0463,-0.0,0.0
fcfp6_bit_0464,-0.0,0.0
fcfp6_bit_0465,0.0,0.0
fcfp6_bit_0466,-0.0,0.0
fcfp6_bit_0467,-0.0,0.0
fcfp6_bit_0468,-0.0,0.0
fcfp6_bit_0469,0.0,0.0
fcfp6_bit_0470,-0.0,0.0
fcfp6_bit_0471,0.0,0.0
fcfp6_bit_0472,-0.0,0.0
fcfp6_bit_0473,0.0,0.0
fcfp6_bit_0474,0.0,0.0
fcfp6_bit_0475,-0.0,0.0
fcfp6_bit_0476,0.0,0.0
fcfp6_bit_0477,-0.0,0.0
fcfp6_bit_0478,-0.0,0.0
fcfp6_bit_0479,-0.0,0.0
fcfp6_bit_0480,-0.0,0.0
fcfp6_bit_0481,0.0,0.0
fcfp6_bit_0483,-0.0,0.0
fcfp6_bit_0484,-0.0,0.0
fcfp6_bit_0486,-0.0,0.0
fcfp6_bit_0488,0.0,0.0
fcfp6_bit_0489,0.0,0.0
fcfp6_bit_0490,-0.0,0.0
fcfp6_bit_0491,0.0,0.0
fcfp6_bit_0492,0.0,0.0
fcfp6_bit_0493,0.0,0.0
fcfp6_bit_0494,0.0,0.0
fcfp6_bit_0495,-0.0,0.0
fcfp6_bit_0496,0.0,0.0
fcfp6_bit_0498,-0.0,0.0
fcfp6_bit_0499,0.0,0.0
fcfp6_bit_0501,0.0,0.0
fcfp6_bit_0502,0.0,0.0
fcfp6_bit_0503,0.0,0.0
fcfp6_bit_0505,0.0,0.0
fcfp6_bit_0506,-0.0,0.0
fcfp6_bit_0508,0.0,0.0
fcfp6_bit_0509,0.0,0.0
fcfp6_bit_0510,0.0,0.0
fcfp6_bit_0511,0.0,0.0
fcfp6_bit_0512,0.0,0.0
fcfp6_bit_0513,-0.0,0.0
fcfp6_bit_0514,0.0,0.0
fcfp6_bit_0516,0.0,0.0
fcfp6_bit_0517,0.0,0.0
fcfp6_bit_0518,0.0,0.0
fcfp6_bit_0519,0.0,0.0
fcfp6_bit_0520,0.0,0.0
fcfp6_bit_0521,-0.0,0.0
fcfp6_bit_0522,0.0,0.0
fcfp6_bit_0523,0.0,0.0
fcfp6_bit_0524,0.0,0.0
fcfp6_bit_0525,-0.0,0.0
fcfp6_bit_0526,0.0,0.0
fcfp6_bit_0527,0.0,0.0
fcfp6_bit_0528,0.0,0.0
fcfp6_bit_0529,0.0,0.0
fcfp6_bit_0530,0.0,0.0
fcfp6_bit_0531,0.0,0.0
fcfp6_bit_0532,0.0,0.0
fcfp6_bit_0533,-0.0,0.0
fcfp6_bit_0534,0.0,0.0
fcfp6_bit_0535,-0.0,0.0
fcfp6_bit_0536,0.0,0.0
fcfp6_bit_0537,-0.0,0.0
fcfp6_bit_0540,0.0,0.0
fcfp6_bit_0541,-0.0,0.0
fcfp6_bit_0543,0.0,0.0
fcfp6_bit_0545,-0.0,0.0
fcfp6_bit_0546,0.0,0.0
fcfp6_bit_0547,0.0,0.0
fcfp6_bit_0548,-0.0,0.0
fcfp6_bit_0549,0.0,0.0
fcfp6_bit_0550,-0.0,0.0
fcfp6_bit_0551,-0.0,0.0
fcfp6_bit_0552,0.0,0.0
fcfp6_bit_0553,0.0,0.0
fcfp6_bit_0554,-0.0,0.0
fcfp6_bit_0555,0.0,0.0
fcfp6_bit_0556,-0.0,0.0
fcfp6_bit_0557,-0.0,0.0
fcfp6_bit_0558,0.0,0.0
fcfp6_bit_0559,0.0,0.0
fcfp6_bit_0560,-0.0,0.0
fcfp6_bit_0562,-0.0,0.0
fcfp6_bit_0563,-0.0,0.0
fcfp6_bit_0564,-0.0,0.0
fcfp6_bit_0565,-0.0,0.0
fcfp6_bit_0566,-0.0,0.0
fcfp6_bit_0567,-0.0,0.0
fcfp6_bit_0568,0.0,0.0
fcfp6_bit_0569,0.0,0.0
fcfp6_bit_0570,0.0,0.0
fcfp6_bit_0571,-0.0,0.0
fcfp6_bit_0572,0.0,0.0
fcfp6_bit_0575,-0.0,0.0
fcfp6_bit_0576,-0.0,0.0
fcfp6_bit_0577,0.0,0.0
fcfp6_bit_0578,-0.0,0.0
fcfp6_bit_0579,0.0,0.0
fcfp6_bit_0580,0.0,0.0
fcfp6_bit_0581,-0.0,0.0
fcfp6_bit_0582,-0.0,0.0
fcfp6_bit_0583,0.0,0.0
fcfp6_bit_0584,-0.0,0.0
fcfp6_bit_0585,-0.0,0.0
fcfp6_bit_0588,0.0,0.0
fcfp6_bit_0589,0.0,0.0
fcfp6_bit_0590,-0.0,0.0
fcfp6_bit_0591,-0.0,0.0
fcfp6_bit_0592,0.0,0.0
fcfp6_bit_0593,0.0,0.0
fcfp6_bit_0594,-0.0,0.0
fcfp6_bit_0595,-0.0,0.0
fcfp6_bit_0597,0.0,0.0
fcfp6_bit_0598,0.0,0.0
fcfp6_bit_0599,-0.0,0.0
fcfp6_bit_0600,0.0,0.0
fcfp6_bit_0601,-0.0,0.0
fcfp6_bit_0602,0.0,0.0
fcfp6_bit_0603,0.0,0.0
fcfp6_bit_0604,-0.0,0.0
fcfp6_bit_0605,-0.0,0.0
fcfp6_bit_0606,-0.0,0.0
fcfp6_bit_0607,-0.0,0.0
fcfp6_bit_0608,-0.0,0.0
fcfp6_bit_0610,0.0,0.0
fcfp6_bit_0611,0.0,0.0
fcfp6_bit_0612,-0.0,0.0
fcfp6_bit_0613,0.0,0.0
fcfp6_bit_0615,-0.0,0.0
fcfp6_bit_0616,0.0,0.0
fcfp6_bit_0617,0.0,0.0
fcfp6_bit_0618,0.0,0.0
fcfp6_bit_0619,0.0,0.0
fcfp6_bit_0620,-0.0,0.0
fcfp6_bit_0621,-0.0,0.0
fcfp6_bit_0622,-0.0,0.0
fcfp6_bit_0623,0.0,0.0
fcfp6_bit_0624,-0.0,0.0
fcfp6_bit_0626,0.0,0.0
fcfp6_bit_0627,-0.0,0.0
fcfp6_bit_0628,-0.0,0.0
fcfp6_bit_0629,0.0,0.0
fcfp6_bit_0631,-0.0,0.0
fcfp6_bit_0632,-0.0,0.0
fcfp6_bit_0634,0.0,0.0
fcfp6_bit_0635,0.0,0.0
fcfp6_bit_0636,0.0,0.0
fcfp6_bit_0637,0.0,0.0
fcfp6_bit_0638,0.0,0.0
fcfp6_bit_0640,-0.0,0.0
fcfp6_bit_0643,-0.0,0.0
fcfp6_bit_0644,0.0,0.0
fcfp6_bit_0646,0.0,0.0
fcfp6_bit_0647,0.0,0.0
fcfp6_bit_0648,-0.0,0.0
fcfp6_bit_0649,0.0,0.0
fcfp6_bit_0650,-0.0,0.0
fcfp6_bit_0651,0.0,0.0
fcfp6_bit_0652,0.0,0.0
fcfp6_bit_0654,-0.0,0.0
fcfp6_bit_0655,0.0,0.0
fcfp6_bit_0657,-0.0,0.0
fcfp6_bit_0658,0.0,0.0
fcfp6_bit_0659,0.0,0.0
fcfp6_bit_0662,0.0,0.0
fcfp6_bit_0663,0.0,0.0
fcfp6_bit_0664,-0.0,0.0
fcfp6_bit_0665,0.0,0.0
fcfp6_bit_0666,-0.0,0.0
fcfp6_bit_0667,-0.0,0.0
fcfp6_bit_0668,-0.0,0.0
fcfp6_bit_0669,0.0,0.0
fcfp6_bit_0670,0.0,0.0
fcfp6_bit_0671,0.0,0.0
fcfp6_bit_0672,-0.0,0.0
fcfp6_bit_0673,0.0,0.0
fcfp6_bit_0674,0.0,0.0
fcfp6_bit_0675,-0.0,0.0
fcfp6_bit_0676,-0.0,0.0
fcfp6_bit_0677,0.0,0.0
fcfp6_bit_0678,0.0,0.0
fcfp6_bit_0679,0.0,0.0
fcfp6_bit_0680,-0.0,0.0
fcfp6_bit_0681,0.0,0.0
fcfp6_bit_0683,0.0,0.0
fcfp6_bit_0684,0.0,0.0
fcfp6_bit_0686,-0.0,0.0
fcfp6_bit_0687,-0.0,0.0
fcfp6_bit_0688,-0.0,0.0
fcfp6_bit_0689,0.0,0.0
fcfp6_bit_0690,-0.0,0.0
fcfp6_bit_0691,0.0,0.0
fcfp6_bit_0693,0.0,0.0
fcfp6_bit_0694,-0.0,0.0
fcfp6_bit_0695,0.0,0.0
fcfp6_bit_0696,-0.0,0.0
fcfp6_bit_0697,-0.0,0.0
fcfp6_bit_0698,0.0,0.0
fcfp6_bit_0699,0.0,0.0
fcfp6_bit_0701,-0.0,0.0
fcfp6_bit_0703,0.0,0.0
fcfp6_bit_0704,0.0,0.0
fcfp6_bit_0705,0.0,0.0
fcfp6_bit_0707,0.0,0.0
fcfp6_bit_0708,-0.0,0.0
fcfp6_bit_0709,-0.0,0.0
fcfp6_bit_0710,-0.0,0.0
fcfp6_bit_0711,-0.0,0.0
fcfp6_bit_0713,0.0,0.0
fcfp6_bit_0714,0.0,0.0
fcfp6_bit_0715,-0.0,0.0
fcfp6_bit_0716,0.0,0.0
fcfp6_bit_0717,-0.0,0.0
fcfp6_bit_0718,0.0,0.0
fcfp6_bit_0719,-0.0,0.0
fcfp6_bit_0721,0.0,0.0
fcfp6_bit_0723,-0.0,0.0
fcfp6_bit_0724,-0.0,0.0
fcfp6_bit_0725,-0.0,0.0
fcfp6_bit_0726,0.0,0.0
fcfp6_bit_0727,0.0,0.0
fcfp6_bit_0728,-0.0,0.0
fcfp6_bit_0729,-0.0,0.0
fcfp6_bit_0730,-0.0,0.0
fcfp6_bit_0731,0.0,0.0
fcfp6_bit_0733,0.0,0.0
fcfp6_bit_0734,-0.0,0.0
fcfp6_bit_0735,0.0,0.0
fcfp6_bit_0736,0.0,0.0
fcfp6_bit_0739,0.0,0.0
fcfp6_bit_0740,0.0,0.0
fcfp6_bit_0742,0.0,0.0
fcfp6_bit_0743,-0.0,0.0
fcfp6_bit_0744,0.0,0.0
fcfp6_bit_0745,0.0,0.0
fcfp6_bit_0746,-0.0,0.0
fcfp6_bit_0747,0.0,0.0
fcfp6_bit_0748,0.0,0.0
fcfp6_bit_0749,-0.0,0.0
fcfp6_bit_0751,0.0,0.0
fcfp6_bit_0752,0.0,0.0
fcfp6_bit_0753,0.0,0.0
fcfp6_bit_0754,0.0,0.0
fcfp6_bit_0755,-0.0,0.0
fcfp6_bit_0756,0.0,0.0
fcfp6_bit_0760,-0.0,0.0
fcfp6_bit_0761,-0.0,0.0
fcfp6_bit_0762,0.0,0.0
fcfp6_bit_0763,0.0,0.0
fcfp6_bit_0764,0.0,0.0
fcfp6_bit_0766,-0.0,0.0
fcfp6_bit_0767,0.0,0.0
fcfp6_bit_0768,0.0,0.0
fcfp6_bit_0769,-0.0,0.0
fcfp6_bit_0770,0.0,0.0
fcfp6_bit_0772,0.0,0.0
fcfp6_bit_0773,-0.0,0.0
fcfp6_bit_0774,-0.0,0.0
fcfp6_bit_0775,-0.0,0.0
fcfp6_bit_0776,-0.0,0.0
fcfp6_bit_0777,0.0,0.0
fcfp6_bit_0778,-0.0,0.0
fcfp6_bit_0779,0.0,0.0
fcfp6_bit_0780,-0.0,0.0
fcfp6_bit_0781,-0.0,0.0
fcfp6_bit_0782,0.0,0.0
fcfp6_bit_0783,0.0,0.0
fcfp6_bit_0785,-0.0,0.0
fcfp6_bit_0786,-0.0,0.0
fcfp6_bit_0787,-0.0,0.0
fcfp6_bit_0788,0.0,0.0
fcfp6_bit_0789,0.0,0.0
fcfp6_bit_0790,-0.0,0.0
fcfp6_bit_0791,-0.0,0.0
fcfp6_bit_0792,0.0,0.0
fcfp6_bit_0793,0.0,0.0
fcfp6_bit_0794,0.0,0.0
fcfp6_bit_0796,-0.0,0.0
fcfp6_bit_0797,-0.0,0.0
fcfp6_bit_0798,0.0,0.0
fcfp6_bit_0799,0.0,0.0
fcfp6_bit_0800,0.0,0.0
fcfp6_bit_0801,-0.0,0.0
fcfp6_bit_0802,0.0,0.0
fcfp6_bit_0803,0.0,0.0
fcfp6_bit_0804,0.0,0.0
fcfp6_bit_0805,0.0,0.0
fcfp6_bit_0806,0.0,0.0
fcfp6_bit_0807,0.0,0.0
fcfp6_bit_0808,-0.0,0.0
fcfp6_bit_0809,0.0,0.0
fcfp6_bit_0811,-0.0,0.0
fcfp6_bit_0812,-0.0,0.0
fcfp6_bit_0813,0.0,0.0
fcfp6_bit_0814,-0.0,0.0
fcfp6_bit_0816,0.0,0.0
fcfp6_bit_0817,0.0,0.0
fcfp6_bit_0820,0.0,0.0
fcfp6_bit_0822,-0.0,0.0
fcfp6_bit_0823,0.0,0.0
fcfp6_bit_0824,-0.0,0.0
fcfp6_bit_0825,0.0,0.0
fcfp6_bit_0826,0.0,0.0
fcfp6_bit_0827,0.0,0.0
fcfp6_bit_0828,-0.0,0.0
fcfp6_bit_0829,-0.0,0.0
fcfp6_bit_0830,0.0,0.0
fcfp6_bit_0831,0.0,0.0
fcfp6_bit_0832,0.0,0.0
fcfp6_bit_0833,-0.0,0.0
fcfp6_bit_0834,0.0,0.0
fcfp6_bit_0835,0.0,0.0
fcfp6_bit_0837,0.0,0.0
fcfp6_bit_0838,-0.0,0.0
fcfp6_bit_0839,-0.0,0.0
fcfp6_bit_0840,-0.0,0.0
fcfp6_bit_0841,0.0,0.0
fcfp6_bit_0842,0.0,0.0
fcfp6_bit_0843,0.0,0.0
fcfp6_bit_0844,0.0,0.0
fcfp6_bit_0845,0.0,0.0
fcfp6_bit_0846,0.0,0.0
fcfp6_bit_0847,-0.0,0.0
fcfp6_bit_0848,-0.0,0.0
fcfp6_bit_0850,0.0,0.0
fcfp6_bit_0851,-0.0,0.0
fcfp6_bit_0853,0.0,0.0
fcfp6_bit_0854,0.0,0.0
fcfp6_bit_0855,0.0,0.0
fcfp6_bit_0856,0.0,0.0
fcfp6_bit_0857,0.0,0.0
fcfp6_bit_0858,0.0,0.0
fcfp6_bit_0859,0.0,0.0
fcfp6_bit_0860,0.0,0.0
fcfp6_bit_0862,0.0,0.0
fcfp6_bit_0863,0.0,0.0
fcfp6_bit_0864,0.0,0.0
fcfp6_bit_0865,-0.0,0.0
fcfp6_bit_0866,-0.0,0.0
fcfp6_bit_0867,0.0,0.0
fcfp6_bit_0868,-0.0,0.0
fcfp6_bit_0869,-0.0,0.0
fcfp6_bit_0870,-0.0,0.0
fcfp6_bit_0871,0.0,0.0
fcfp6_bit_0872,0.0,0.0
fcfp6_bit_0874,-0.0,0.0
fcfp6_bit_0875,-0.0,0.0
fcfp6_bit_0877,-0.0,0.0
fcfp6_bit_0878,0.0,0.0
fcfp6_bit_0879,0.0,0.0
fcfp6_bit_0880,-0.0,0.0
fcfp6_bit_0881,-0.0,0.0
fcfp6_bit_0882,0.0,0.0
fcfp6_bit_0884,-0.0,0.0
fcfp6_bit_0885,-0.0,0.0
fcfp6_bit_0886,-0.0,0.0
fcfp6_bit_0887,-0.0,0.0
fcfp6_bit_0888,0.0,0.0
fcfp6_bit_0889,0.0,0.0
fcfp6_bit_0890,-0.0,0.0
fcfp6_bit_0892,-0.0,0.0
fcfp6_bit_0893,0.0,0.0
fcfp6_bit_0894,0.0,0.0
fcfp6_bit_0895,-0.0,0.0
fcfp6_bit_0897,-0.0,0.0
fcfp6_bit_0898,0.0,0.0
fcfp6_bit_0899,0.0,0.0
fcfp6_bit_0900,-0.0,0.0
fcfp6_bit_0902,-0.0,0.0
fcfp6_bit_0903,0.0,0.0
fcfp6_bit_0904,-0.0,0.0
fcfp6_bit_0906,0.0,0.0
fcfp6_bit_0907,0.0,0.0
fcfp6_bit_0908,-0.0,0.0
fcfp6_bit_0909,-0.0,0.0
fcfp6_bit_0911,0.0,0.0
fcfp6_bit_0912,-0.0,0.0
fcfp6_bit_0913,0.0,0.0
fcfp6_bit_0914,-0.0,0.0
fcfp6_bit_0915,-0.0,0.0
fcfp6_bit_0916,0.0,0.0
fcfp6_bit_0917,-0.0,0.0
fcfp6_bit_0918,-0.0,0.0
fcfp6_bit_0919,0.0,0.0
fcfp6_bit_0920,0.0,0.0
fcfp6_bit_0921,-0.0,0.0
fcfp6_bit_0923,0.0,0.0
fcfp6_bit_0924,-0.0,0.0
fcfp6_bit_0925,0.0,0.0
fcfp6_bit_0927,0.0,0.0
fcfp6_bit_0928,-0.0,0.0
fcfp6_bit_0929,0.0,0.0
fcfp6_bit_0930,0.0,0.0
fcfp6_bit_0931,-0.0,0.0
fcfp6_bit_0932,0.0,0.0
fcfp6_bit_0933,0.0,0.0
fcfp6_bit_0934,-0.0,0.0
fcfp6_bit_0935,0.0,0.0
fcfp6_bit_0937,-0.0,0.0
fcfp6_bit_0938,-0.0,0.0
fcfp6_bit_0939,-0.0,0.0
fcfp6_bit_0940,0.0,0.0
fcfp6_bit_0943,-0.0,0.0
fcfp6_bit_0945,0.0,0.0
fcfp6_bit_0946,0.0,0.0
fcfp6_bit_0947,-0.0,0.0
fcfp6_bit_0949,-0.0,0.0
fcfp6_bit_0950,0.0,0.0
fcfp6_bit_0951,-0.0,0.0
fcfp6_bit_0952,0.0,0.0
fcfp6_bit_0953,-0.0,0.0
fcfp6_bit_0955,0.0,0.0
fcfp6_bit_0956,-0.0,0.0
fcfp6_bit_0957,-0.0,0.0
fcfp6_bit_0958,0.0,0.0
fcfp6_bit_0959,-0.0,0.0
fcfp6_bit_0960,0.0,0.0
fcfp6_bit_0961,-0.0,0.0
fcfp6_bit_0962,0.0,0.0
fcfp6_bit_0963,-0.0,0.0
fcfp6_bit_0964,0.0,0.0
fcfp6_bit_0966,0.0,0.0
fcfp6_bit_0968,-0.0,0.0
fcfp6_bit_0969,-0.0,0.0
fcfp6_bit_0970,-0.0,0.0
fcfp6_bit_0971,0.0,0.0
fcfp6_bit_0972,-0.0,0.0
fcfp6_bit_0973,0.0,0.0
fcfp6_bit_0974,-0.0,0.0
fcfp6_bit_0977,0.0,0.0
fcfp6_bit_0979,-0.0,0.0
fcfp6_bit_0981,0.0,0.0
fcfp6_bit_0982,0.0,0.0
fcfp6_bit_0983,-0.0,0.0
fcfp6_bit_0984,-0.0,0.0
fcfp6_bit_0985,-0.0,0.0
fcfp6_bit_0986,0.0,0.0
fcfp6_bit_0987,-0.0,0.0
fcfp6_bit_0988,0.0,0.0
fcfp6_bit_0989,-0.0,0.0
fcfp6_bit_0990,0.0,0.0
fcfp6_bit_0991,0.0,0.0
fcfp6_bit_0992,0.0,0.0
fcfp6_bit_0993,0.0,0.0
fcfp6_bit_0994,0.0,0.0
fcfp6_bit_0995,-0.0,0.0
fcfp6_bit_0996,-0.0,0.0
fcfp6_bit_0997,0.0,0.0
fcfp6_bit_0998,-0.0,0.0
fcfp6_bit_1001,0.0,0.0
fcfp6_bit_1002,0.0,0.0
fcfp6_bit_1003,0.0,0.0
fcfp6_bit_1004,0.0,0.0
fcfp6_bit_1005,0.0,0.0
fcfp6_bit_1007,-0.0,0.0
fcfp6_bit_1008,-0.0,0.0
fcfp6_bit_1009,0.0,0.0
fcfp6_bit_1010,0.0,0.0
fcfp6_bit_1011,0.0,0.0
fcfp6_bit_1012,0.0,0.0
fcfp6_bit_1013,-0.0,0.0
fcfp6_bit_1014,-0.0,0.0
fcfp6_bit_1015,-0.0,0.0
fcfp6_bit_1016,0.0,0.0
fcfp6_bit_1017,0.0,0.0
fcfp6_bit_1018,-0.0,0.0
fcfp6_bit_1019,0.0,0.0
fcfp6_bit_1020,0.0,0.0
fcfp6_bit_1021,-0.0,0.0
fcfp6_bit_1023,-0.0,0.0
layered_bit_0000,-0.0,0.0
layered_bit_0001,0.0,0.0
layered_bit_0002,-0.0,0.0
layered_bit_0003,0.0,0.0
layered_bit_0004,-0.0,0.0
layered_bit_0005,-0.0,0.0
layered_bit_0006,0.0,0.0
layered_bit_0008,-0.0,0.0
layered_bit_0009,0.0,0.0
layered_bit_0010,-0.0,0.0
layered_bit_0011,0.0,0.0
layered_bit_0012,-0.0,0.0
layered_bit_0013,0.0,0.0
layered_bit_0014,-0.0,0.0
layered_bit_0016,-0.0,0.0
layered_bit_0017,-0.0,0.0
layered_bit_0018,-0.0,0.0
layered_bit_0019,0.0,0.0
layered_bit_0021,-0.0,0.0
layered_bit_0022,-0.0,0.0
layered_bit_0023,0.0,0.0
layered_bit_0024,-0.0,0.0
layered_bit_0025,0.0,0.0
layered_bit_0026,0.0,0.0
layered_bit_0027,-0.0,0.0
layered_bit_0028,0.0,0.0
layered_bit_0029,0.0,0.0
layered_bit_0030,-0.0,0.0
layered_bit_0032,0.0,0.0
layered_bit_0033,-0.0,0.0
layered_bit_0034,0.0,0.0
layered_bit_0035,0.0,0.0
layered_bit_0036,-0.0,0.0
layered_bit_0037,0.0,0.0
layered_bit_0038,0.0,0.0
layered_bit_0040,-0.0,0.0
layered_bit_0041,0.0,0.0
layered_bit_0043,-0.0,0.0
layered_bit_0044,0.0,0.0
layered_bit_0045,-0.0,0.0
layered_bit_0046,-0.0,0.0
layered_bit_0047,0.0,0.0
layered_bit_0049,0.0,0.0
layered_bit_0050,-0.0,0.0
layered_bit_0051,0.0,0.0
layered_bit_0053,-0.0,0.0
layered_bit_0054,-0.0,0.0
layered_bit_0055,-0.0,0.0
layered_bit_0056,0.0,0.0
layered_bit_0057,-0.0,0.0
layered_bit_0058,0.0,0.0
layered_bit_0059,-0.0,0.0
layered_bit_0060,0.0,0.0
layered_bit_0061,0.0,0.0
layered_bit_0062,0.0,0.0
layered_bit_0063,0.0,0.0
layered_bit_0064,-0.0,0.0
layered_bit_0065,-0.0,0.0
layered_bit_0066,-0.0,0.0
layered_bit_0067,0.0,0.0
layered_bit_0068,-0.0,0.0
layered_bit_0069,-0.0,0.0
layered_bit_0070,0.0,0.0
layered_bit_0071,0.0,0.0
layered_bit_0072,-0.0,0.0
layered_bit_0073,0.0,0.0
layered_bit_0074,0.0,0.0
layered_bit_0076,-0.0,0.0
layered_bit_0077,-0.0,0.0
layered_bit_0079,-0.0,0.0
layered_bit_0081,0.0,0.0
layered_bit_0082,0.0,0.0
layered_bit_0083,0.0,0.0
layered_bit_0084,0.0,0.0
layered_bit_0085,0.0,0.0
layered_bit_0086,0.0,0.0
layered_bit_0087,-0.0,0.0
layered_bit_0088,-0.0,0.0
layered_bit_0089,0.0,0.0
layered_bit_0090,-0.0,0.0
layered_bit_0091,0.0,0.0
layered_bit_0092,0.0,0.0
layered_bit_0093,0.0,0.0
layered_bit_0094,-0.0,0.0
layered_bit_0095,-0.0,0.0
layered_bit_0098,-0.0,0.0
layered_bit_0099,-0.0,0.0
layered_bit_0100,0.0,0.0
layered_bit_0102,0.0,0.0
layered_bit_0103,-0.0,0.0
layered_bit_0104,0.0,0.0
layered_bit_0105,0.0,0.0
layered_bit_0106,0.0,0.0
layered_bit_0107,0.0,0.0
layered_bit_0109,0.0,0.0
layered_bit_0110,0.0,0.0
layered_bit_0111,0.0,0.0
layered_bit_0112,0.0,0.0
layered_bit_0113,-0.0,0.0
layered_bit_0114,-0.0,0.0
layered_bit_0115,-0.0,0.0
layered_bit_0118,-0.0,0.0
layered_bit_0119,0.0,0.0
layered_bit_0120,0.0,0.0
layered_bit_0121,0.0,0.0
layered_bit_0122,-0.0,0.0
layered_bit_0123,-0.0,0.0
layered_bit_0125,-0.0,0.0
layered_bit_0126,0.0,0.0
layered_bit_0127,-0.0,0.0
layered_bit_0128,-0.0,0.0
layered_bit_0129,0.0,0.0
layered_bit_0130,0.0,0.0
layered_bit_0131,-0.0,0.0
layered_bit_0132,0.0,0.0
layered_bit_0133,-0.0,0.0
layered_bit_0134,-0.0,0.0
layered_bit_0135,0.0,0.0
layered_bit_0136,0.0,0.0
layered_bit_0137,0.0,0.0
layered_bit_0139,0.0,0.0
layered_bit_0140,0.0,0.0
layered_bit_0141,-0.0,0.0
layered_bit_0142,-0.0,0.0
layered_bit_0143,-0.0,0.0
layered_bit_0144,0.0,0.0
layered_bit_0145,-0.0,0.0
layered_bit_0146,-0.0,0.0
layered_bit_0147,-0.0,0.0
layered_bit_0148,-0.0,0.0
layered_bit_0149,0.0,0.0
layered_bit_0150,0.0,0.0
layered_bit_0151,0.0,0.0
layered_bit_0152,-0.0,0.0
layered_bit_0153,0.0,0.0
layered_bit_0154,-0.0,0.0
layered_bit_0155,-0.0,0.0
layered_bit_0156,-0.0,0.0
layered_bit_0157,0.0,0.0
layered_bit_0158,-0.0,0.0
layered_bit_0159,-0.0,0.0
layered_bit_0160,-0.0,0.0
layered_bit_0161,0.0,0.0
layered_bit_0162,-0.0,0.0
layered_bit_0163,-0.0,0.0
layered_bit_0164,0.0,0.0
layered_bit_0165,0.0,0.0
layered_bit_0166,0.0,0.0
layered_bit_0167,-0.0,0.0
layered_bit_0168,-0.0,0.0
layered_bit_0169,0.0,0.0
layered_bit_0170,-0.0,0.0
layered_bit_0171,-0.0,0.0
layered_bit_0172,-0.0,0.0
layered_bit_0173,-0.0,0.0
layered_bit_0174,0.0,0.0
layered_bit_0175,0.0,0.0
layered_bit_0176,0.0,0.0
layered_bit_0178,0.0,0.0
layered_bit_0179,-0.0,0.0
layered_bit_0180,0.0,0.0
layered_bit_0181,-0.0,0.0
layered_bit_0182,-0.0,0.0
layered_bit_0183,-0.0,0.0
layered_bit_0184,0.0,0.0
layered_bit_0185,0.0,0.0
layered_bit_0186,-0.0,0.0
layered_bit_0187,0.0,0.0
layered_bit_0188,-0.0,0.0
layered_bit_0189,-0.0,0.0
layered_bit_0190,0.0,0.0
layered_bit_0191,-0.0,0.0
layered_bit_0192,0.0,0.0
layered_bit_0193,-0.0,0.0
layered_bit_0194,0.0,0.0
layered_bit_0195,-0.0,0.0
layered_bit_0196,-0.0,0.0
layered_bit_0197,0.0,0.0
layered_bit_0200,0.0,0.0
layered_bit_0202,0.0,0.0
layered_bit_0204,0.0,0.0
layered_bit_0205,0.0,0.0
layered_bit_0206,0.0,0.0
layered_bit_0207,0.0,0.0
layered_bit_0208,0.0,0.0
layered_bit_0209,-0.0,0.0
layered_bit_0210,-0.0,0.0
layered_bit_0211,0.0,0.0
layered_bit_0213,-0.0,0.0
layered_bit_0214,-0.0,0.0
layered_bit_0215,0.0,0.0
layered_bit_0217,0.0,0.0
layered_bit_0220,-0.0,0.0
layered_bit_0221,0.0,0.0
layered_bit_0222,-0.0,0.0
layered_bit_0223,-0.0,0.0
layered_bit_0224,-0.0,0.0
layered_bit_0225,0.0,0.0
layered_bit_0226,0.0,0.0
layered_bit_0227,-0.0,0.0
layered_bit_0229,-0.0,0.0
layered_bit_0230,-0.0,0.0
layered_bit_0231,0.0,0.0
layered_bit_0232,0.0,0.0
layered_bit_0233,0.0,0.0
layered_bit_0234,0.0,0.0
layered_bit_0235,-0.0,0.0
layered_bit_0236,-0.0,0.0
layered_bit_0237,0.0,0.0
layered_bit_0238,0.0,0.0
layered_bit_0239,0.0,0.0
layered_bit_0240,0.0,0.0
layered_bit_0241,-0.0,0.0
layered_bit_0242,0.0,0.0
layered_bit_0243,0.0,0.0
layered_bit_0244,0.0,0.0
layered_bit_0245,0.0,0.0
layered_bit_0246,-0.0,0.0
layered_bit_0247,-0.0,0.0
layered_bit_0248,0.0,0.0
layered_bit_0249,-0.0,0.0
layered_bit_0250,-0.0,0.0
layered_bit_0251,0.0,0.0
layered_bit_0252,-0.0,0.0
layered_bit_0253,0.0,0.0
layered_bit_0254,0.0,0.0
layered_bit_0255,-0.0,0.0
layered_bit_0256,0.0,0.0
layered_bit_0257,-0.0,0.0
layered_bit_0258,0.0,0.0
layered_bit_0259,0.0,0.0
layered_bit_0260,-0.0,0.0
layered_bit_0261,0.0,0.0
layered_bit_0262,0.0,0.0
layered_bit_0263,-0.0,0.0
layered_bit_0264,0.0,0.0
layered_bit_0266,0.0,0.0
layered_bit_0267,-0.0,0.0
layered_bit_0268,0.0,0.0
layered_bit_0269,-0.0,0.0
layered_bit_0270,0.0,0.0
layered_bit_0272,-0.0,0.0
layered_bit_0273,-0.0,0.0
layered_bit_0274,0.0,0.0
layered_bit_0276,0.0,0.0
layered_bit_0277,-0.0,0.0
layered_bit_0278,0.0,0.0
layered_bit_0279,-0.0,0.0
layered_bit_0280,0.0,0.0
layered_bit_0281,0.0,0.0
layered_bit_0282,0.0,0.0
layered_bit_0283,-0.0,0.0
layered_bit_0284,0.0,0.0
layered_bit_0285,0.0,0.0
layered_bit_0286,0.0,0.0
layered_bit_0287,0.0,0.0
layered_bit_0288,0.0,0.0
layered_bit_0289,0.0,0.0
layered_bit_0290,0.0,0.0
layered_bit_0291,-0.0,0.0
layered_bit_0292,0.0,0.0
layered_bit_0293,-0.0,0.0
layered_bit_0294,-0.0,0.0
layered_bit_0295,0.0,0.0
layered_bit_0296,0.0,0.0
layered_bit_0297,-0.0,0.0
layered_bit_0298,-0.0,0.0
layered_bit_0299,0.0,0.0
layered_bit_0301,-0.0,0.0
layered_bit_0304,0.0,0.0
layered_bit_0306,0.0,0.0
layered_bit_0307,0.0,0.0
layered_bit_0308,-0.0,0.0
layered_bit_0309,0.0,0.0
layered_bit_0310,-0.0,0.0
layered_bit_0311,0.0,0.0
layered_bit_0312,-0.0,0.0
layered_bit_0313,-0.0,0.0
layered_bit_0314,-0.0,0.0
layered_bit_0315,0.0,0.0
layered_bit_0316,0.0,0.0
layered_bit_0317,0.0,0.0
layered_bit_0319,0.0,0.0
layered_bit_0320,-0.0,0.0
layered_bit_0321,-0.0,0.0
layered_bit_0322,-0.0,0.0
layered_bit_0323,0.0,0.0
layered_bit_0324,0.0,0.0
layered_bit_0325,-0.0,0.0
layered_bit_0326,-0.0,0.0
layered_bit_0327,0.0,0.0
layered_bit_0328,0.0,0.0
layered_bit_0329,0.0,0.0
layered_bit_0330,0.0,0.0
layered_bit_0331,-0.0,0.0
layered_bit_0332,-0.0,0.0
layered_bit_0334,-0.0,0.0
layered_bit_0335,-0.0,0.0
layered_bit_0336,-0.0,0.0
layered_bit_0337,0.0,0.0
layered_bit_0340,-0.0,0.0
layered_bit_0341,0.0,0.0
layered_bit_0342,-0.0,0.0
layered_bit_0343,-0.0,0.0
layered_bit_0344,0.0,0.0
layered_bit_0345,0.0,0.0
layered_bit_0347,0.0,0.0
layered_bit_0348,0.0,0.0
layered_bit_0349,0.0,0.0
layered_bit_0350,0.0,0.0
layered_bit_0351,-0.0,0.0
layered_bit_0352,-0.0,0.0
layered_bit_0353,-0.0,0.0
layered_bit_0355,-0.0,0.0
layered_bit_0356,-0.0,0.0
layered_bit_0357,0.0,0.0
layered_bit_0358,0.0,0.0
layered_bit_0359,-0.0,0.0
layered_bit_0361,-0.0,0.0
layered_bit_0362,-0.0,0.0
layered_bit_0363,0.0,0.0
layered_bit_0364,0.0,0.0
layered_bit_0365,-0.0,0.0
layered_bit_0367,-0.0,0.0
layered_bit_0368,0.0,0.0
layered_bit_0369,0.0,0.0
layered_bit_0371,-0.0,0.0
layered_bit_0372,-0.0,0.0
layered_bit_0373,0.0,0.0
layered_bit_0374,-0.0,0.0
layered_bit_0375,0.0,0.0
layered_bit_0376,-0.0,0.0
layered_bit_0377,-0.0,0.0
layered_bit_0378,-0.0,0.0
layered_bit_0379,-0.0,0.0
layered_bit_0380,-0.0,0.0
layered_bit_0381,-0.0,0.0
layered_bit_0382,-0.0,0.0
layered_bit_0383,0.0,0.0
layered_bit_0384,0.0,0.0
layered_bit_0385,-0.0,0.0
layered_bit_0386,-0.0,0.0
layered_bit_0387,0.0,0.0
layered_bit_0388,-0.0,0.0
layered_bit_0389,0.0,0.0
layered_bit_0390,-0.0,0.0
layered_bit_0391,0.0,0.0
layered_bit_0392,0.0,0.0
layered_bit_0393,-0.0,0.0
layered_bit_0394,0.0,0.0
layered_bit_0395,0.0,0.0
layered_bit_0396,-0.0,0.0
layered_bit_0397,0.0,0.0
layered_bit_0398,-0.0,0.0
layered_bit_0399,-0.0,0.0
layered_bit_0400,0.0,0.0
layered_bit_0401,-0.0,0.0
layered_bit_0402,-0.0,0.0
layered_bit_0403,-0.0,0.0
layered_bit_0404,0.0,0.0
layered_bit_0405,-0.0,0.0
layered_bit_0406,0.0,0.0
layered_bit_0407,-0.0,0.0
layered_bit_0408,0.0,0.0
layered_bit_0409,0.0,0.0
layered_bit_0410,0.0,0.0
layered_bit_0411,0.0,0.0
layered_bit_0412,0.0,0.0
layered_bit_0413,0.0,0.0
layered_bit_0414,-0.0,0.0
layered_bit_0417,-0.0,0.0
layered_bit_0418,-0.0,0.0
layered_bit_0419,-0.0,0.0
layered_bit_0420,0.0,0.0
layered_bit_0421,0.0,0.0
layered_bit_0422,0.0,0.0
layered_bit_0423,-0.0,0.0
layered_bit_0424,-0.0,0.0
layered_bit_0425,-0.0,0.0
layered_bit_0426,-0.0,0.0
layered_bit_0427,-0.0,0.0
layered_bit_0428,0.0,0.0
layered_bit_0429,-0.0,0.0
layered_bit_0430,-0.0,0.0
layered_bit_0431,0.0,0.0
layered_bit_0432,0.0,0.0
layered_bit_0433,-0.0,0.0
layered_bit_0434,-0.0,0.0
layered_bit_0435,0.0,0.0
layered_bit_0436,0.0,0.0
layered_bit_0437,-0.0,0.0
layered_bit_0438,-0.0,0.0
layered_bit_0439,-0.0,0.0
layered_bit_0440,0.0,0.0
layered_bit_0441,0.0,0.0
layered_bit_0442,-0.0,0.0
layered_bit_0443,-0.0,0.0
layered_bit_0444,0.0,0.0
layered_bit_0445,0.0,0.0
layered_bit_0447,-0.0,0.0
layered_bit_0448,-0.0,0.0
layered_bit_0449,0.0,0.0
layered_bit_0450,-0.0,0.0
layered_bit_0451,-0.0,0.0
layered_bit_0452,-0.0,0.0
layered_bit_0453,0.0,0.0
layered_bit_0454,-0.0,0.0
layered_bit_0456,0.0,0.0
layered_bit_0457,-0.0,0.0
layered_bit_0458,-0.0,0.0
layered_bit_0459,-0.0,0.0
layered_bit_0461,0.0,0.0
layered_bit_0462,-0.0,0.0
layered_bit_0464,0.0,0.0
layered_bit_0465,-0.0,0.0
layered_bit_0466,0.0,0.0
layered_bit_0467,-0.0,0.0
layered_bit_0468,0.0,0.0
layered_bit_0469,0.0,0.0
layered_bit_0470,-0.0,0.0
layered_bit_0471,-0.0,0.0
layered_bit_0472,-0.0,0.0
layered_bit_0473,0.0,0.0
layered_bit_0474,0.0,0.0
layered_bit_0475,-0.0,0.0
layered_bit_0478,-0.0,0.0
layered_bit_0479,-0.0,0.0
layered_bit_0481,-0.0,0.0
layered_bit_0482,-0.0,0.0
layered_bit_0483,0.0,0.0
layered_bit_0484,0.0,0.0
layered_bit_0485,0.0,0.0
layered_bit_0487,-0.0,0.0
layered_bit_0488,-0.0,0.0
layered_bit_0489,-0.0,0.0
layered_bit_0490,-0.0,0.0
layered_bit_0491,0.0,0.0
layered_bit_0492,0.0,0.0
layered_bit_0493,0.0,0.0
layered_bit_0494,0.0,0.0
layered_bit_0495,-0.0,0.0
layered_bit_0496,0.0,0.0
layered_bit_0498,-0.0,0.0
layered_bit_0499,-0.0,0.0
layered_bit_0500,-0.0,0.0
layered_bit_0501,-0.0,0.0
layered_bit_0502,0.0,0.0
layered_bit_0503,-0.0,0.0
layered_bit_0504,-0.0,0.0
layered_bit_0505,0.0,0.0
layered_bit_0506,0.0,0.0
layered_bit_0507,0.0,0.0
layered_bit_0508,-0.0,0.0
layered_bit_0509,-0.0,0.0
layered_bit_0512,0.0,0.0
layered_bit_0513,-0.0,0.0
layered_bit_0514,0.0,0.0
layered_bit_0515,0.0,0.0
layered_bit_0516,-0.0,0.0
layered_bit_0517,0.0,0.0
layered_bit_0518,0.0,0.0
layered_bit_0519,0.0,0.0
layered_bit_0520,0.0,0.0
layered_bit_0521,-0.0,0.0
layered_bit_0522,-0.0,0.0
layered_bit_0523,-0.0,0.0
layered_bit_0524,-0.0,0.0
layered_bit_0525,-0.0,0.0
layered_bit_0526,-0.0,0.0
layered_bit_0527,0.0,0.0
layered_bit_0528,0.0,0.0
layered_bit_0529,0.0,0.0
layered_bit_0530,-0.0,0.0
layered_bit_0531,-0.0,0.0
layered_bit_0532,0.0,0.0
layered_bit_0533,0.0,0.0
layered_bit_0534,-0.0,0.0
layered_bit_0535,0.0,0.0
layered_bit_0536,-0.0,0.0
layered_bit_0537,-0.0,0.0
layered_bit_0538,-0.0,0.0
layered_bit_0539,0.0,0.0
layered_bit_0540,0.0,0.0
layered_bit_0541,0.0,0.0
layered_bit_0543,-0.0,0.0
layered_bit_0544,-0.0,0.0
layered_bit_0545,0.0,0.0
layered_bit_0547,-0.0,0.0
layered_bit_0548,-0.0,0.0
layered_bit_0549,-0.0,0.0
layered_bit_0550,0.0,0.0
layered_bit_0551,0.0,0.0
layered_bit_0552,-0.0,0.0
layered_bit_0553,-0.0,0.0
layered_bit_0554,0.0,0.0
layered_bit_0555,0.0,0.0
layered_bit_0557,0.0,0.0
layered_bit_0559,-0.0,0.0
layered_bit_0560,0.0,0.0
layered_bit_0561,-0.0,0.0
layered_bit_0562,-0.0,0.0
layered_bit_0563,0.0,0.0
layered_bit_0564,0.0,0.0
layered_bit_0565,-0.0,0.0
layered_bit_0567,-0.0,0.0
layered_bit_0568,-0.0,0.0
layered_bit_0569,0.0,0.0
layered_bit_0570,-0.0,0.0
layered_bit_0572,-0.0,0.0
layered_bit_0573,-0.0,0.0
layered_bit_0574,0.0,0.0
layered_bit_0575,0.0,0.0
layered_bit_0576,-0.0,0.0
layered_bit_0577,0.0,0.0
layered_bit_0578,-0.0,0.0
layered_bit_0579,-0.0,0.0
layered_bit_0580,-0.0,0.0
layered_bit_0581,-0.0,0.0
layered_bit_0582,-0.0,0.0
layered_bit_0583,-0.0,0.0
layered_bit_0584,0.0,0.0
layered_bit_0585,-0.0,0.0
layered_bit_0586,0.0,0.0
layered_bit_0587,-0.0,0.0
layered_bit_0588,-0.0,0.0
layered_bit_0589,-0.0,0.0
layered_bit_0590,0.0,0.0
layered_bit_0591,0.0,0.0
layered_bit_0592,-0.0,0.0
layered_bit_0594,-0.0,0.0
layered_bit_0595,0.0,0.0
layered_bit_0596,0.0,0.0
layered_bit_0597,0.0,0.0
layered_bit_0598,-0.0,0.0
layered_bit_0599,0.0,0.0
layered_bit_0600,-0.0,0.0
layered_bit_0601,0.0,0.0
layered_bit_0602,-0.0,0.0
layered_bit_0603,0.0,0.0
layered_bit_0604,0.0,0.0
layered_bit_0605,-0.0,0.0
layered_bit_0606,0.0,0.0
layered_bit_0607,-0.0,0.0
layered_bit_0608,0.0,0.0
layered_bit_0611,0.0,0.0
layered_bit_0612,-0.0,0.0
layered_bit_0613,0.0,0.0
layered_bit_0614,-0.0,0.0
layered_bit_0615,0.0,0.0
layered_bit_0616,0.0,0.0
layered_bit_0617,0.0,0.0
layered_bit_0618,-0.0,0.0
layered_bit_0619,0.0,0.0
layered_bit_0620,0.0,0.0
layered_bit_0621,0.0,0.0
layered_bit_0622,-0.0,0.0
layered_bit_0623,0.0,0.0
layered_bit_0625,-0.0,0.0
layered_bit_0626,-0.0,0.0
layered_bit_0627,0.0,0.0
layered_bit_0628,0.0,0.0
layered_bit_0629,0.0,0.0
layered_bit_0630,0.0,0.0
layered_bit_0632,-0.0,0.0
layered_bit_0634,0.0,0.0
layered_bit_0635,0.0,0.0
layered_bit_0636,0.0,0.0
layered_bit_0637,0.0,0.0
layered_bit_0638,-0.0,0.0
layered_bit_0639,0.0,0.0
layered_bit_0640,-0.0,0.0
layered_bit_0641,0.0,0.0
layered_bit_0642,0.0,0.0
layered_bit_0643,0.0,0.0
layered_bit_0645,0.0,0.0
layered_bit_0646,-0.0,0.0
layered_bit_0647,0.0,0.0
layered_bit_0649,-0.0,0.0
layered_bit_0650,-0.0,0.0
layered_bit_0651,0.0,0.0
layered_bit_0652,-0.0,0.0
layered_bit_0653,-0.0,0.0
layered_bit_0654,0.0,0.0
layered_bit_0655,0.0,0.0
layered_bit_0656,0.0,0.0
layered_bit_0658,0.0,0.0
layered_bit_0659,-0.0,0.0
layered_bit_0660,-0.0,0.0
layered_bit_0661,-0.0,0.0
layered_bit_0662,0.0,0.0
layered_bit_0664,0.0,0.0
layered_bit_0665,0.0,0.0
layered_bit_0666,0.0,0.0
layered_bit_0667,-0.0,0.0
layered_bit_0668,0.0,0.0
layered_bit_0669,0.0,0.0
layered_bit_0670,0.0,0.0
layered_bit_0671,0.0,0.0
layered_bit_0672,-0.0,0.0
layered_bit_0673,-0.0,0.0
layered_bit_0675,-0.0,0.0
layered_bit_0676,0.0,0.0
layered_bit_0677,-0.0,0.0
layered_bit_0678,-0.0,0.0
layered_bit_0679,-0.0,0.0
layered_bit_0680,0.0,0.0
layered_bit_0681,0.0,0.0
layered_bit_0682,0.0,0.0
layered_bit_0683,0.0,0.0
layered_bit_0684,0.0,0.0
layered_bit_0685,0.0,0.0
layered_bit_0686,-0.0,0.0
layered_bit_0687,-0.0,0.0
layered_bit_0689,-0.0,0.0
layered_bit_0690,-0.0,0.0
layered_bit_0691,0.0,0.0
layered_bit_0692,0.0,0.0
layered_bit_0693,0.0,0.0
layered_bit_0694,-0.0,0.0
layered_bit_0695,-0.0,0.0
layered_bit_0696,-0.0,0.0
layered_bit_0697,0.0,0.0
layered_bit_0698,0.0,0.0
layered_bit_0699,-0.0,0.0
layered_bit_0700,0.0,0.0
layered_bit_0701,-0.0,0.0
layered_bit_0702,-0.0,0.0
layered_bit_0703,0.0,0.0
layered_bit_0704,0.0,0.0
layered_bit_0705,-0.0,0.0
layered_bit_0706,0.0,0.0
layered_bit_0707,-0.0,0.0
layered_bit_0708,-0.0,0.0
layered_bit_0709,-0.0,0.0
layered_bit_0710,0.0,0.0
layered_bit_0712,0.0,0.0
layered_bit_0713,0.0,0.0
layered_bit_0714,-0.0,0.0
layered_bit_0715,0.0,0.0
layered_bit_0716,-0.0,0.0
layered_bit_0717,0.0,0.0
layered_bit_0719,-0.0,0.0
layered_bit_0720,-0.0,0.0
layered_bit_0721,-0.0,0.0
layered_bit_0722,0.0,0.0
layered_bit_0723,0.0,0.0
layered_bit_0724,-0.0,0.0
layered_bit_0727,0.0,0.0
layered_bit_0728,0.0,0.0
layered_bit_0729,0.0,0.0
layered_bit_0731,-0.0,0.0
layered_bit_0732,0.0,0.0
layered_bit_0733,0.0,0.0
layered_bit_0735,0.0,0.0
layered_bit_0736,0.0,0.0
layered_bit_0737,0.0,0.0
layered_bit_0739,-0.0,0.0
layered_bit_0740,0.0,0.0
layered_bit_0741,-0.0,0.0
layered_bit_0742,-0.0,0.0
layered_bit_0743,-0.0,0.0
layered_bit_0744,0.0,0.0
layered_bit_0745,-0.0,0.0
layered_bit_0746,0.0,0.0
layered_bit_0747,-0.0,0.0
layered_bit_0748,0.0,0.0
layered_bit_0749,-0.0,0.0
layered_bit_0750,0.0,0.0
layered_bit_0751,-0.0,0.0
layered_bit_0752,0.0,0.0
layered_bit_0753,0.0,0.0
layered_bit_0754,0.0,0.0
layered_bit_0755,-0.0,0.0
layered_bit_0756,-0.0,0.0
layered_bit_0757,-0.0,0.0
layered_bit_0758,-0.0,0.0
layered_bit_0761,0.0,0.0
layered_bit_0762,-0.0,0.0
layered_bit_0763,0.0,0.0
layered_bit_0764,0.0,0.0
layered_bit_0765,-0.0,0.0
layered_bit_0766,0.0,0.0
layered_bit_0767,-0.0,0.0
layered_bit_0768,0.0,0.0
layered_bit_0769,-0.0,0.0
layered_bit_0770,0.0,0.0
layered_bit_0771,0.0,0.0
layered_bit_0772,-0.0,0.0
layered_bit_0773,-0.0,0.0
layered_bit_0774,0.0,0.0
layered_bit_0775,-0.0,0.0
layered_bit_0776,-0.0,0.0
layered_bit_0777,0.0,0.0
layered_bit_0778,0.0,0.0
layered_bit_0779,-0.0,0.0
layered_bit_0780,-0.0,0.0
layered_bit_0781,0.0,0.0
layered_bit_0782,0.0,0.0
layered_bit_0783,0.0,0.0
layered_bit_0784,-0.0,0.0
layered_bit_0785,-0.0,0.0
layered_bit_0786,0.0,0.0
layered_bit_0787,-0.0,0.0
layered_bit_0788,0.0,0.0
layered_bit_0789,-0.0,0.0
layered_bit_0790,-0.0,0.0
layered_bit_0791,0.0,0.0
layered_bit_0792,-0.0,0.0
layered_bit_0793,0.0,0.0
layered_bit_0794,0.0,0.0
layered_bit_0795,0.0,0.0
layered_bit_0796,0.0,0.0
layered_bit_0797,0.0,0.0
layered_bit_0798,0.0,0.0
layered_bit_0799,-0.0,0.0
layered_bit_0800,0.0,0.0
layered_bit_0802,0.0,0.0
layered_bit_0803,0.0,0.0
layered_bit_0804,0.0,0.0
layered_bit_0805,-0.0,0.0
layered_bit_0806,-0.0,0.0
layered_bit_0808,0.0,0.0
layered_bit_0809,0.0,0.0
layered_bit_0810,-0.0,0.0
layered_bit_0811,0.0,0.0
layered_bit_0812,-0.0,0.0
layered_bit_0814,0.0,0.0
layered_bit_0816,0.0,0.0
layered_bit_0818,0.0,0.0
layered_bit_0819,-0.0,0.0
layered_bit_0820,-0.0,0.0
layered_bit_0821,-0.0,0.0
layered_bit_0822,0.0,0.0
layered_bit_0823,0.0,0.0
layered_bit_0824,0.0,0.0
layered_bit_0825,-0.0,0.0
layered_bit_0826,0.0,0.0
layered_bit_0827,-0.0,0.0
layered_bit_0828,-0.0,0.0
layered_bit_0829,0.0,0.0
layered_bit_0830,-0.0,0.0
layered_bit_0831,0.0,0.0
layered_bit_0832,-0.0,0.0
layered_bit_0833,0.0,0.0
layered_bit_0834,-0.0,0.0
layered_bit_0835,-0.0,0.0
layered_bit_0836,-0.0,0.0
layered_bit_0837,0.0,0.0
layered_bit_0838,0.0,0.0
layered_bit_0839,-0.0,0.0
layered_bit_0842,-0.0,0.0
layered_bit_0843,-0.0,0.0
layered_bit_0844,0.0,0.0
layered_bit_0845,-0.0,0.0
layered_bit_0846,-0.0,0.0
layered_bit_0847,0.0,0.0
layered_bit_0848,-0.0,0.0
layered_bit_0849,0.0,0.0
layered_bit_0850,0.0,0.0
layered_bit_0851,0.0,0.0
layered_bit_0852,0.0,0.0
layered_bit_0853,-0.0,0.0
layered_bit_0854,-0.0,0.0
layered_bit_0855,0.0,0.0
layered_bit_0857,0.0,0.0
layered_bit_0858,0.0,0.0
layered_bit_0859,-0.0,0.0
layered_bit_0860,-0.0,0.0
layered_bit_0861,-0.0,0.0
layered_bit_0862,0.0,0.0
layered_bit_0863,-0.0,0.0
layered_bit_0865,0.0,0.0
layered_bit_0866,0.0,0.0
layered_bit_0868,0.0,0.0
layered_bit_0869,-0.0,0.0
layered_bit_0870,-0.0,0.0
layered_bit_0871,-0.0,0.0
layered_bit_0872,-0.0,0.0
layered_bit_0873,-0.0,0.0
layered_bit_0875,-0.0,0.0
layered_bit_0876,0.0,0.0
layered_bit_0877,-0.0,0.0
layered_bit_0878,0.0,0.0
layered_bit_0879,0.0,0.0
layered_bit_0880,-0.0,0.0
layered_bit_0881,-0.0,0.0
layered_bit_0882,0.0,0.0
layered_bit_0883,-0.0,0.0
layered_bit_0884,0.0,0.0
layered_bit_0885,-0.0,0.0
layered_bit_0886,-0.0,0.0
layered_bit_0887,0.0,0.0
layered_bit_0888,0.0,0.0
layered_bit_0889,-0.0,0.0
layered_bit_0890,0.0,0.0
layered_bit_0891,-0.0,0.0
layered_bit_0892,-0.0,0.0
layered_bit_0894,0.0,0.0
layered_bit_0895,0.0,0.0
layered_bit_0896,0.0,0.0
layered_bit_0897,-0.0,0.0
layered_bit_0898,0.0,0.0
layered_bit_0899,0.0,0.0
layered_bit_0900,0.0,0.0
layered_bit_0901,-0.0,0.0
layered_bit_0902,0.0,0.0
layered_bit_0903,0.0,0.0
layered_bit_0904,0.0,0.0
layered_bit_0905,-0.0,0.0
layered_bit_0906,-0.0,0.0
layered_bit_0907,0.0,0.0
layered_bit_0908,-0.0,0.0
layered_bit_0909,-0.0,0.0
layered_bit_0910,0.0,0.0
layered_bit_0912,-0.0,0.0
layered_bit_0913,0.0,0.0
layered_bit_0914,-0.0,0.0
layered_bit_0916,0.0,0.0
layered_bit_0917,-0.0,0.0
layered_bit_0919,0.0,0.0
layered_bit_0921,0.0,0.0
layered_bit_0922,0.0,0.0
layered_bit_0923,-0.0,0.0
layered_bit_0925,-0.0,0.0
layered_bit_0926,0.0,0.0
layered_bit_0927,0.0,0.0
layered_bit_0928,-0.0,0.0
layered_bit_0930,-0.0,0.0
layered_bit_0931,0.0,0.0
layered_bit_0932,0.0,0.0
layered_bit_0933,0.0,0.0
layered_bit_0935,0.0,0.0
layered_bit_0936,-0.0,0.0
layered_bit_0937,-0.0,0.0
layered_bit_0938,-0.0,0.0
layered_bit_0939,-0.0,0.0
layered_bit_0940,-0.0,0.0
layered_bit_0941,-0.0,0.0
layered_bit_0942,0.0,0.0
layered_bit_0944,-0.0,0.0
layered_bit_0945,0.0,0.0
layered_bit_0946,-0.0,0.0
layered_bit_0947,-0.0,0.0
layered_bit_0948,0.0,0.0
layered_bit_0949,0.0,0.0
layered_bit_0950,0.0,0.0
layered_bit_0951,0.0,0.0
layered_bit_0952,0.0,0.0
layered_bit_0953,-0.0,0.0
layered_bit_0954,-0.0,0.0
layered_bit_0956,0.0,0.0
layered_bit_0957,-0.0,0.0
layered_bit_0959,0.0,0.0
layered_bit_0960,0.0,0.0
layered_bit_0962,0.0,0.0
layered_bit_0963,0.0,0.0
layered_bit_0964,0.0,0.0
layered_bit_0965,0.0,0.0
layered_bit_0966,0.0,0.0
layered_bit_0967,-0.0,0.0
layered_bit_0968,-0.0,0.0
layered_bit_0969,-0.0,0.0
layered_bit_0970,-0.0,0.0
layered_bit_0971,-0.0,0.0
layered_bit_0972,-0.0,0.0
layered_bit_0974,0.0,0.0
layered_bit_0975,-0.0,0.0
layered_bit_0976,-0.0,0.0
layered_bit_0977,0.0,0.0
layered_bit_0979,-0.0,0.0
layered_bit_0980,-0.0,0.0
layered_bit_0981,0.0,0.0
layered_bit_0982,-0.0,0.0
layered_bit_0983,-0.0,0.0
layered_bit_0984,0.0,0.0
layered_bit_0985,0.0,0.0
layered_bit_0987,-0.0,0.0
layered_bit_0988,0.0,0.0
layered_bit_0989,0.0,0.0
layered_bit_0990,-0.0,0.0
layered_bit_0991,0.0,0.0
layered_bit_0992,-0.0,0.0
layered_bit_0994,-0.0,0.0
layered_bit_0996,-0.0,0.0
layered_bit_0997,0.0,0.0
layered_bit_0998,0.0,0.0
layered_bit_0999,-0.0,0.0
layered_bit_1000,0.0,0.0
layered_bit_1002,0.0,0.0
layered_bit_1004,0.0,0.0
layered_bit_1005,-0.0,0.0
layered_bit_1006,-0.0,0.0
layered_bit_1007,0.0,0.0
layered_bit_1008,0.0,0.0
layered_bit_1009,-0.0,0.0
layered_bit_1010,-0.0,0.0
layered_bit_1011,-0.0,0.0
layered_bit_1012,-0.0,0.0
layered_bit_1013,-0.0,0.0
layered_bit_1014,-0.0,0.0
layered_bit_1015,-0.0,0.0
layered_bit_1017,-0.0,0.0
layered_bit_1018,0.0,0.0
layered_bit_1019,-0.0,0.0
layered_bit_1020,-0.0,0.0
layered_bit_1021,-0.0,0.0
layered_bit_1022,0.0,0.0
layered_bit_1023,0.0,0.0
atom_pair_bit_0000,-0.0,0.0
atom_pair_bit_0001,-0.0,0.0
atom_pair_bit_0002,-0.0,0.0
atom_pair_bit_0003,-0.0,0.0
atom_pair_bit_0004,-0.0,0.0
atom_pair_bit_0005,0.0,0.0
atom_pair_bit_0006,0.0,0.0
atom_pair_bit_0007,-0.0,0.0
atom_pair_bit_0008,0.0,0.0
atom_pair_bit_0009,-0.0,0.0
atom_pair_bit_0010,-0.0,0.0
atom_pair_bit_0012,-0.0,0.0
atom_pair_bit_0013,0.0,0.0
atom_pair_bit_0014,0.0,0.0
atom_pair_bit_0016,-0.0,0.0
atom_pair_bit_0017,-0.0,0.0
atom_pair_bit_0018,0.0,0.0
atom_pair_bit_0019,0.0,0.0
atom_pair_bit_0020,0.0,0.0
atom_pair_bit_0021,0.0,0.0
atom_pair_bit_0022,0.0,0.0
atom_pair_bit_0024,0.0,0.0
atom_pair_bit_0025,0.0,0.0
atom_pair_bit_0026,0.0,0.0
atom_pair_bit_0029,0.0,0.0
atom_pair_bit_0030,-0.0,0.0
atom_pair_bit_0031,-0.0,0.0
atom_pair_bit_0032,-0.0,0.0
atom_pair_bit_0033,-0.0,0.0
atom_pair_bit_0034,-0.0,0.0
atom_pair_bit_0035,-0.0,0.0
atom_pair_bit_0036,0.0,0.0
atom_pair_bit_0037,0.0,0.0
atom_pair_bit_0038,-0.0,0.0
atom_pair_bit_0039,-0.0,0.0
atom_pair_bit_0040,-0.0,0.0
atom_pair_bit_0041,-0.0,0.0
atom_pair_bit_0042,0.0,0.0
atom_pair_bit_0043,0.0,0.0
atom_pair_bit_0044,0.0,0.0
atom_pair_bit_0045,0.0,0.0
atom_pair_bit_0046,0.0,0.0
atom_pair_bit_0048,0.0,0.0
atom_pair_bit_0049,0.0,0.0
atom_pair_bit_0050,0.0,0.0
atom_pair_bit_0053,-0.0,0.0
atom_pair_bit_0054,0.0,0.0
atom_pair_bit_0057,0.0,0.0
atom_pair_bit_0059,0.0,0.0
atom_pair_bit_0060,-0.0,0.0
atom_pair_bit_0061,-0.0,0.0
atom_pair_bit_0062,0.0,0.0
atom_pair_bit_0063,0.0,0.0
atom_pair_bit_0064,-0.0,0.0
atom_pair_bit_0065,-0.0,0.0
atom_pair_bit_0066,-0.0,0.0
atom_pair_bit_0067,0.0,0.0
atom_pair_bit_0068,0.0,0.0
atom_pair_bit_0069,0.0,0.0
atom_pair_bit_0070,-0.0,0.0
atom_pair_bit_0071,0.0,0.0
atom_pair_bit_0072,0.0,0.0
atom_pair_bit_0073,0.0,0.0
atom_pair_bit_0074,-0.0,0.0
atom_pair_bit_0075,0.0,0.0
atom_pair_bit_0076,-0.0,0.0
atom_pair_bit_0077,-0.0,0.0
atom_pair_bit_0078,0.0,0.0
atom_pair_bit_0080,0.0,0.0
atom_pair_bit_0084,0.0,0.0
atom_pair_bit_0085,-0.0,0.0
atom_pair_bit_0086,0.0,0.0
atom_pair_bit_0088,0.0,0.0
atom_pair_bit_0089,0.0,0.0
atom_pair_bit_0090,-0.0,0.0
atom_pair_bit_0092,0.0,0.0
atom_pair_bit_0093,-0.0,0.0
atom_pair_bit_0094,0.0,0.0
atom_pair_bit_0096,-0.0,0.0
atom_pair_bit_0097,0.0,0.0
atom_pair_bit_0098,-0.0,0.0
atom_pair_bit_0099,-0.0,0.0
atom_pair_bit_0100,0.0,0.0
atom_pair_bit_0101,0.0,0.0
atom_pair_bit_0102,0.0,0.0
atom_pair_bit_0103,0.0,0.0
atom_pair_bit_0104,-0.0,0.0
atom_pair_bit_0105,-0.0,0.0
atom_pair_bit_0106,-0.0,0.0
atom_pair_bit_0107,0.0,0.0
atom_pair_bit_0108,-0.0,0.0
atom_pair_bit_0109,-0.0,0.0
atom_pair_bit_0110,-0.0,0.0
atom_pair_bit_0111,-0.0,0.0
atom_pair_bit_0112,0.0,0.0
atom_pair_bit_0113,0.0,0.0
atom_pair_bit_0114,-0.0,0.0
atom_pair_bit_0116,-0.0,0.0
atom_pair_bit_0117,-0.0,0.0
atom_pair_bit_0118,0.0,0.0
atom_pair_bit_0119,0.0,0.0
atom_pair_bit_0120,-0.0,0.0
atom_pair_bit_0121,-0.0,0.0
atom_pair_bit_0124,0.0,0.0
atom_pair_bit_0125,0.0,0.0
atom_pair_bit_0126,0.0,0.0
atom_pair_bit_0127,0.0,0.0
atom_pair_bit_0128,-0.0,0.0
atom_pair_bit_0129,-0.0,0.0
atom_pair_bit_0130,0.0,0.0
atom_pair_bit_0133,0.0,0.0
atom_pair_bit_0134,-0.0,0.0
atom_pair_bit_0136,-0.0,0.0
atom_pair_bit_0137,-0.0,0.0
atom_pair_bit_0138,-0.0,0.0
atom_pair_bit_0140,-0.0,0.0
atom_pair_bit_0142,0.0,0.0
atom_pair_bit_0143,0.0,0.0
atom_pair_bit_0144,0.0,0.0
atom_pair_bit_0145,0.0,0.0
atom_pair_bit_0146,0.0,0.0
atom_pair_bit_0147,0.0,0.0
atom_pair_bit_0148,-0.0,0.0
atom_pair_bit_0149,0.0,0.0
atom_pair_bit_0150,0.0,0.0
atom_pair_bit_0152,-0.0,0.0
atom_pair_bit_0153,-0.0,0.0
atom_pair_bit_0154,0.0,0.0
atom_pair_bit_0157,0.0,0.0
atom_pair_bit_0158,0.0,0.0
atom_pair_bit_0160,-0.0,0.0
atom_pair_bit_0161,-0.0,0.0
atom_pair_bit_0162,-0.0,0.0
atom_pair_bit_0163,-0.0,0.0
atom_pair_bit_0165,-0.0,0.0
atom_pair_bit_0166,0.0,0.0
atom_pair_bit_0168,-0.0,0.0
atom_pair_bit_0169,0.0,0.0
atom_pair_bit_0170,-0.0,0.0
atom_pair_bit_0172,-0.0,0.0
atom_pair_bit_0173,0.0,0.0
atom_pair_bit_0174,0.0,0.0
atom_pair_bit_0176,0.0,0.0
atom_pair_bit_0177,-0.0,0.0
atom_pair_bit_0180,-0.0,0.0
atom_pair_bit_0181,0.0,0.0
atom_pair_bit_0182,-0.0,0.0
atom_pair_bit_0184,-0.0,0.0
atom_pair_bit_0185,-0.0,0.0
atom_pair_bit_0186,-0.0,0.0
atom_pair_bit_0188,0.0,0.0
atom_pair_bit_0189,0.0,0.0
atom_pair_bit_0190,0.0,0.0
atom_pair_bit_0191,-0.0,0.0
atom_pair_bit_0192,0.0,0.0
atom_pair_bit_0193,0.0,0.0
atom_pair_bit_0194,-0.0,0.0
atom_pair_bit_0195,-0.0,0.0
atom_pair_bit_0197,0.0,0.0
atom_pair_bit_0198,0.0,0.0
atom_pair_bit_0199,0.0,0.0
atom_pair_bit_0200,0.0,0.0
atom_pair_bit_0201,0.0,0.0
atom_pair_bit_0202,0.0,0.0
atom_pair_bit_0203,0.0,0.0
atom_pair_bit_0204,0.0,0.0
atom_pair_bit_0205,-0.0,0.0
atom_pair_bit_0206,-0.0,0.0
atom_pair_bit_0209,-0.0,0.0
atom_pair_bit_0210,-0.0,0.0
atom_pair_bit_0211,0.0,0.0
atom_pair_bit_0212,0.0,0.0
atom_pair_bit_0213,0.0,0.0
atom_pair_bit_0214,0.0,0.0
atom_pair_bit_0216,0.0,0.0
atom_pair_bit_0217,-0.0,0.0
atom_pair_bit_0218,0.0,0.0
atom_pair_bit_0219,-0.0,0.0
atom_pair_bit_0220,0.0,0.0
atom_pair_bit_0222,0.0,0.0
atom_pair_bit_0223,0.0,0.0
atom_pair_bit_0224,-0.0,0.0
atom_pair_bit_0225,-0.0,0.0
atom_pair_bit_0226,0.0,0.0
atom_pair_bit_0227,0.0,0.0
atom_pair_bit_0229,-0.0,0.0
atom_pair_bit_0230,0.0,0.0
atom_pair_bit_0231,0.0,0.0
atom_pair_bit_0232,0.0,0.0
atom_pair_bit_0233,0.0,0.0
atom_pair_bit_0234,0.0,0.0
atom_pair_bit_0235,0.0,0.0
atom_pair_bit_0236,0.0,0.0
atom_pair_bit_0237,-0.0,0.0
atom_pair_bit_0238,0.0,0.0
atom_pair_bit_0240,0.0,0.0
atom_pair_bit_0241,-0.0,0.0
atom_pair_bit_0242,0.0,0.0
atom_pair_bit_0243,-0.0,0.0
atom_pair_bit_0246,0.0,0.0
atom_pair_bit_0247,-0.0,0.0
atom_pair_bit_0248,0.0,0.0
atom_pair_bit_0249,-0.0,0.0
atom_pair_bit_0250,0.0,0.0
atom_pair_bit_0252,0.0,0.0
atom_pair_bit_0253,0.0,0.0
atom_pair_bit_0254,-0.0,0.0
atom_pair_bit_0255,-0.0,0.0
atom_pair_bit_0256,-0.0,0.0
atom_pair_bit_0257,-0.0,0.0
atom_pair_bit_0258,-0.0,0.0
atom_pair_bit_0259,0.0,0.0
atom_pair_bit_0260,-0.0,0.0
atom_pair_bit_0261,0.0,0.0
atom_pair_bit_0262,-0.0,0.0
atom_pair_bit_0263,0.0,0.0
atom_pair_bit_0265,-0.0,0.0
atom_pair_bit_0266,0.0,0.0
atom_pair_bit_0269,-0.0,0.0
atom_pair_bit_0270,-0.0,0.0
atom_pair_bit_0271,0.0,0.0
atom_pair_bit_0272,-0.0,0.0
atom_pair_bit_0273,0.0,0.0
atom_pair_bit_0274,-0.0,0.0
atom_pair_bit_0275,-0.0,0.0
atom_pair_bit_0276,0.0,0.0
atom_pair_bit_0277,0.0,0.0
atom_pair_bit_0278,-0.0,0.0
atom_pair_bit_0279,-0.0,0.0
atom_pair_bit_0280,-0.0,0.0
atom_pair_bit_0281,-0.0,0.0
atom_pair_bit_0282,0.0,0.0
atom_pair_bit_0285,0.0,0.0
atom_pair_bit_0286,-0.0,0.0
atom_pair_bit_0287,-0.0,0.0
atom_pair_bit_0288,0.0,0.0
atom_pair_bit_0289,0.0,0.0
atom_pair_bit_0290,0.0,0.0
atom_pair_bit_0291,0.0,0.0
atom_pair_bit_0292,-0.0,0.0
atom_pair_bit_0293,-0.0,0.0
atom_pair_bit_0294,-0.0,0.0
atom_pair_bit_0295,-0.0,0.0
atom_pair_bit_0296,0.0,0.0
atom_pair_bit_0297,-0.0,0.0
atom_pair_bit_0298,-0.0,0.0
atom_pair_bit_0299,-0.0,0.0
atom_pair_bit_0300,-0.0,0.0
atom_pair_bit_0301,-0.0,0.0
atom_pair_bit_0302,0.0,0.0
atom_pair_bit_0303,0.0,0.0
atom_pair_bit_0304,-0.0,0.0
atom_pair_bit_0305,0.0,0.0
atom_pair_bit_0306,0.0,0.0
atom_pair_bit_0308,0.0,0.0
atom_pair_bit_0309,0.0,0.0
atom_pair_bit_0310,0.0,0.0
atom_pair_bit_0311,-0.0,0.0
atom_pair_bit_0312,-0.0,0.0
atom_pair_bit_0313,-0.0,0.0
atom_pair_bit_0314,-0.0,0.0
atom_pair_bit_0315,0.0,0.0
atom_pair_bit_0316,-0.0,0.0
atom_pair_bit_0317,0.0,0.0
atom_pair_bit_0318,0.0,0.0
atom_pair_bit_0319,-0.0,0.0
atom_pair_bit_0320,-0.0,0.0
atom_pair_bit_0321,-0.0,0.0
atom_pair_bit_0323,0.0,0.0
atom_pair_bit_0324,0.0,0.0
atom_pair_bit_0325,0.0,0.0
atom_pair_bit_0326,0.0,0.0
atom_pair_bit_0327,0.0,0.0
atom_pair_bit_0328,0.0,0.0
atom_pair_bit_0329,0.0,0.0
atom_pair_bit_0330,0.0,0.0
atom_pair_bit_0332,-0.0,0.0
atom_pair_bit_0336,0.0,0.0
atom_pair_bit_0337,0.0,0.0
atom_pair_bit_0338,-0.0,0.0
atom_pair_bit_0340,-0.0,0.0
atom_pair_bit_0341,0.0,0.0
atom_pair_bit_0342,0.0,0.0
atom_pair_bit_0344,-0.0,0.0
atom_pair_bit_0345,-0.0,0.0
atom_pair_bit_0346,0.0,0.0
atom_pair_bit_0348,0.0,0.0
atom_pair_bit_0349,-0.0,0.0
atom_pair_bit_0350,-0.0,0.0
atom_pair_bit_0352,-0.0,0.0
atom_pair_bit_0354,0.0,0.0
atom_pair_bit_0356,0.0,0.0
atom_pair_bit_0357,0.0,0.0
atom_pair_bit_0358,-0.0,0.0
atom_pair_bit_0359,-0.0,0.0
atom_pair_bit_0360,0.0,0.0
atom_pair_bit_0361,0.0,0.0
atom_pair_bit_0362,-0.0,0.0
atom_pair_bit_0363,0.0,0.0
atom_pair_bit_0364,0.0,0.0
atom_pair_bit_0365,-0.0,0.0
atom_pair_bit_0366,0.0,0.0
atom_pair_bit_0367,-0.0,0.0
atom_pair_bit_0368,-0.0,0.0
atom_pair_bit_0369,-0.0,0.0
atom_pair_bit_0370,-0.0,0.0
atom_pair_bit_0371,-0.0,0.0
atom_pair_bit_0372,0.0,0.0
atom_pair_bit_0373,-0.0,0.0
atom_pair_bit_0374,0.0,0.0
atom_pair_bit_0376,-0.0,0.0
atom_pair_bit_0377,-0.0,0.0
atom_pair_bit_0378,-0.0,0.0
atom_pair_bit_0379,-0.0,0.0
atom_pair_bit_0380,0.0,0.0
atom_pair_bit_0381,-0.0,0.0
atom_pair_bit_0382,-0.0,0.0
atom_pair_bit_0384,0.0,0.0
atom_pair_bit_0385,-0.0,0.0
atom_pair_bit_0386,0.0,0.0
atom_pair_bit_0388,-0.0,0.0
atom_pair_bit_0389,-0.0,0.0
atom_pair_bit_0390,-0.0,0.0
atom_pair_bit_0392,0.0,0.0
atom_pair_bit_0393,0.0,0.0
atom_pair_bit_0394,0.0,0.0
atom_pair_bit_0396,0.0,0.0
atom_pair_bit_0397,0.0,0.0
atom_pair_bit_0398,-0.0,0.0
atom_pair_bit_0400,0.0,0.0
atom_pair_bit_0402,-0.0,0.0
atom_pair_bit_0404,-0.0,0.0
atom_pair_bit_0405,-0.0,0.0
atom_pair_bit_0406,0.0,0.0
atom_pair_bit_0407,0.0,0.0
atom_pair_bit_0408,-0.0,0.0
atom_pair_bit_0409,-0.0,0.0
atom_pair_bit_0410,-0.0,0.0
atom_pair_bit_0412,-0.0,0.0
atom_pair_bit_0413,0.0,0.0
atom_pair_bit_0417,0.0,0.0
atom_pair_bit_0418,0.0,0.0
atom_pair_bit_0419,0.0,0.0
atom_pair_bit_0420,0.0,0.0
atom_pair_bit_0421,0.0,0.0
atom_pair_bit_0422,0.0,0.0
atom_pair_bit_0423,0.0,0.0
atom_pair_bit_0425,0.0,0.0
atom_pair_bit_0426,-0.0,0.0
atom_pair_bit_0427,-0.0,0.0
atom_pair_bit_0428,0.0,0.0
atom_pair_bit_0429,0.0,0.0
atom_pair_bit_0430,0.0,0.0
atom_pair_bit_0432,-0.0,0.0
atom_pair_bit_0433,0.0,0.0
atom_pair_bit_0434,0.0,0.0
atom_pair_bit_0435,-0.0,0.0
atom_pair_bit_0437,0.0,0.0
atom_pair_bit_0438,-0.0,0.0
atom_pair_bit_0440,-0.0,0.0
atom_pair_bit_0441,-0.0,0.0
atom_pair_bit_0442,0.0,0.0
atom_pair_bit_0444,-0.0,0.0
atom_pair_bit_0445,-0.0,0.0
atom_pair_bit_0446,-0.0,0.0
atom_pair_bit_0448,0.0,0.0
atom_pair_bit_0449,0.0,0.0
atom_pair_bit_0451,0.0,0.0
atom_pair_bit_0452,0.0,0.0
atom_pair_bit_0453,0.0,0.0
atom_pair_bit_0454,-0.0,0.0
atom_pair_bit_0456,-0.0,0.0
atom_pair_bit_0457,-0.0,0.0
atom_pair_bit_0458,0.0,0.0
atom_pair_bit_0460,0.0,0.0
atom_pair_bit_0461,0.0,0.0
atom_pair_bit_0462,0.0,0.0
atom_pair_bit_0463,0.0,0.0
atom_pair_bit_0465,0.0,0.0
atom_pair_bit_0466,-0.0,0.0
atom_pair_bit_0468,-0.0,0.0
atom_pair_bit_0469,-0.0,0.0
atom_pair_bit_0470,-0.0,0.0
atom_pair_bit_0471,0.0,0.0
atom_pair_bit_0472,0.0,0.0
atom_pair_bit_0473,0.0,0.0
atom_pair_bit_0474,0.0,0.0
atom_pair_bit_0475,0.0,0.0
atom_pair_bit_0476,0.0,0.0
atom_pair_bit_0477,0.0,0.0
atom_pair_bit_0478,0.0,0.0
atom_pair_bit_0480,0.0,0.0
atom_pair_bit_0482,-0.0,0.0
atom_pair_bit_0483,0.0,0.0
atom_pair_bit_0484,0.0,0.0
atom_pair_bit_0485,0.0,0.0
atom_pair_bit_0488,-0.0,0.0
atom_pair_bit_0489,-0.0,0.0
atom_pair_bit_0490,0.0,0.0
atom_pair_bit_0492,0.0,0.0
atom_pair_bit_0493,-0.0,0.0
atom_pair_bit_0494,0.0,0.0
atom_pair_bit_0495,-0.0,0.0
atom_pair_bit_0496,-0.0,0.0
atom_pair_bit_0497,0.0,0.0
atom_pair_bit_0498,-0.0,0.0
atom_pair_bit_0499,-0.0,0.0
atom_pair_bit_0500,0.0,0.0
atom_pair_bit_0501,0.0,0.0
atom_pair_bit_0502,0.0,0.0
atom_pair_bit_0503,-0.0,0.0
atom_pair_bit_0504,0.0,0.0
atom_pair_bit_0505,0.0,0.0
atom_pair_bit_0506,0.0,0.0
atom_pair_bit_0507,-0.0,0.0
erg_298,-0.0,0.0
atom_pair_bit_0509,0.0,0.0
morgan_bit_0005,-0.0,0.0
atom_pair_bit_0512,0.0,0.0
atom_pair_bit_0513,-0.0,0.0
atom_pair_bit_0514,-0.0,0.0
atom_pair_bit_0515,-0.0,0.0
erg_314,-0.0,0.0
atom_pair_bit_0517,-0.0,0.0
atom_pair_bit_0518,0.0,0.0
atom_pair_bit_0520,0.0,0.0
atom_pair_bit_0521,0.0,0.0
atom_pair_bit_0522,0.0,0.0
atom_pair_bit_0523,-0.0,0.0
atom_pair_bit_0524,-0.0,0.0
atom_pair_bit_0525,-0.0,0.0
atom_pair_bit_0526,-0.0,0.0
atom_pair_bit_0527,-0.0,0.0
atom_pair_bit_0528,0.0,0.0
atom_pair_bit_0529,0.0,0.0
atom_pair_bit_0530,0.0,0.0
atom_pair_bit_0531,0.0,0.0
atom_pair_bit_0532,0.0,0.0
atom_pair_bit_0533,-0.0,0.0
atom_pair_bit_0534,0.0,0.0
atom_pair_bit_0535,-0.0,0.0
atom_pair_bit_0536,0.0,0.0
atom_pair_bit_0537,0.0,0.0
atom_pair_bit_0538,0.0,0.0
atom_pair_bit_0539,0.0,0.0
atom_pair_bit_0540,-0.0,0.0
atom_pair_bit_0541,0.0,0.0
atom_pair_bit_0542,0.0,0.0
atom_pair_bit_0544,0.0,0.0
atom_pair_bit_0545,0.0,0.0
atom_pair_bit_0546,-0.0,0.0
atom_pair_bit_0547,-0.0,0.0
atom_pair_bit_0548,0.0,0.0
atom_pair_bit_0549,0.0,0.0
atom_pair_bit_0550,0.0,0.0
atom_pair_bit_0551,-0.0,0.0
atom_pair_bit_0552,-0.0,0.0
atom_pair_bit_0553,-0.0,0.0
atom_pair_bit_0554,-0.0,0.0
morgan_bit_0000,-0.0,0.0
atom_pair_bit_0556,-0.0,0.0
atom_pair_bit_0557,-0.0,0.0
atom_pair_bit_0558,0.0,0.0
atom_pair_bit_0559,-0.0,0.0
atom_pair_bit_0560,0.0,0.0
atom_pair_bit_0561,-0.0,0.0
atom_pair_bit_0562,0.0,0.0
atom_pair_bit_0563,-0.0,0.0
atom_pair_bit_0564,0.0,0.0
atom_pair_bit_0565,0.0,0.0
atom_pair_bit_0566,-0.0,0.0
atom_pair_bit_0567,-0.0,0.0
atom_pair_bit_0568,0.0,0.0
erg_283,0.0,0.0
atom_pair_bit_0570,0.0,0.0
atom_pair_bit_0571,-0.0,0.0
atom_pair_bit_0572,0.0,0.0
atom_pair_bit_0573,0.0,0.0
atom_pair_bit_0576,0.0,0.0
atom_pair_bit_0577,0.0,0.0
atom_pair_bit_0578,-0.0,0.0
atom_pair_bit_0580,0.0,0.0
atom_pair_bit_0581,0.0,0.0
atom_pair_bit_0582,0.0,0.0
atom_pair_bit_0584,-0.0,0.0
atom_pair_bit_0585,-0.0,0.0
atom_pair_bit_0586,-0.0,0.0
erg_300,0.0,0.0
atom_pair_bit_0588,-0.0,0.0
atom_pair_bit_0589,0.0,0.0
atom_pair_bit_0590,0.0,0.0
atom_pair_bit_0591,-0.0,0.0
atom_pair_bit_0592,-0.0,0.0
atom_pair_bit_0593,0.0,0.0
atom_pair_bit_0594,0.0,0.0
atom_pair_bit_0595,-0.0,0.0
atom_pair_bit_0596,0.0,0.0
atom_pair_bit_0597,-0.0,0.0
atom_pair_bit_0598,-0.0,0.0
erg_301,-0.0,0.0
atom_pair_bit_0600,-0.0,0.0
atom_pair_bit_0601,-0.0,0.0
atom_pair_bit_0602,0.0,0.0
atom_pair_bit_0604,0.0,0.0
atom_pair_bit_0605,0.0,0.0
atom_pair_bit_0606,0.0,0.0
atom_pair_bit_0607,-0.0,0.0
atom_pair_bit_0608,0.0,0.0
atom_pair_bit_0609,-0.0,0.0
atom_pair_bit_0610,-0.0,0.0
atom_pair_bit_0611,-0.0,0.0
atom_pair_bit_0612,0.0,0.0
atom_pair_bit_0613,0.0,0.0
atom_pair_bit_0614,-0.0,0.0
atom_pair_bit_0616,-0.0,0.0
atom_pair_bit_0617,-0.0,0.0
atom_pair_bit_0618,-0.0,0.0
atom_pair_bit_0619,-0.0,0.0
atom_pair_bit_0620,0.0,0.0
atom_pair_bit_0621,-0.0,0.0
atom_pair_bit_0622,-0.0,0.0
erg_302,-0.0,0.0
erg_303,-0.0,0.0
atom_pair_bit_0626,-0.0,0.0
atom_pair_bit_0628,0.0,0.0
atom_pair_bit_0629,0.0,0.0
atom_pair_bit_0630,0.0,0.0
atom_pair_bit_0631,0.0,0.0
atom_pair_bit_0632,-0.0,0.0
atom_pair_bit_0633,-0.0,0.0
atom_pair_bit_0634,-0.0,0.0
atom_pair_bit_0636,-0.0,0.0
atom_pair_bit_0637,-0.0,0.0
atom_pair_bit_0638,-0.0,0.0
atom_pair_bit_0640,0.0,0.0
atom_pair_bit_0641,0.0,0.0
atom_pair_bit_0642,0.0,0.0
atom_pair_bit_0643,0.0,0.0
atom_pair_bit_0644,-0.0,0.0
atom_pair_bit_0645,0.0,0.0
atom_pair_bit_0646,-0.0,0.0
atom_pair_bit_0647,-0.0,0.0
atom_pair_bit_0648,0.0,0.0
atom_pair_bit_0649,0.0,0.0
atom_pair_bit_0650,0.0,0.0
atom_pair_bit_0652,0.0,0.0
atom_pair_bit_0653,-0.0,0.0
atom_pair_bit_0656,-0.0,0.0
atom_pair_bit_0657,-0.0,0.0
atom_pair_bit_0658,0.0,0.0
atom_pair_bit_0660,0.0,0.0
atom_pair_bit_0661,0.0,0.0
atom_pair_bit_0662,0.0,0.0
atom_pair_bit_0664,0.0,0.0
atom_pair_bit_0665,-0.0,0.0
atom_pair_bit_0666,0.0,0.0
atom_pair_bit_0667,0.0,0.0
erg_304,-0.0,0.0
erg_305,0.0,0.0
atom_pair_bit_0670,-0.0,0.0
atom_pair_bit_0672,0.0,0.0
atom_pair_bit_0673,0.0,0.0
atom_pair_bit_0674,0.0,0.0
erg_307,0.0,0.0
erg_308,0.0,0.0
atom_pair_bit_0677,-0.0,0.0
atom_pair_bit_0678,-0.0,0.0
atom_pair_bit_0679,-0.0,0.0
erg_309,0.0,0.0
atom_pair_bit_0681,0.0,0.0
atom_pair_bit_0682,0.0,0.0
atom_pair_bit_0683,0.0,0.0
atom_pair_bit_0684,0.0,0.0
atom_pair_bit_0685,0.0,0.0
atom_pair_bit_0686,0.0,0.0
atom_pair_bit_0688,-0.0,0.0
atom_pair_bit_0689,-0.0,0.0
atom_pair_bit_0690,-0.0,0.0
atom_pair_bit_0692,-0.0,0.0
atom_pair_bit_0693,0.0,0.0
atom_pair_bit_0694,0.0,0.0
atom_pair_bit_0695,0.0,0.0
atom_pair_bit_0696,-0.0,0.0
atom_pair_bit_0697,-0.0,0.0
atom_pair_bit_0698,-0.0,0.0
atom_pair_bit_0700,-0.0,0.0
atom_pair_bit_0701,-0.0,0.0
atom_pair_bit_0702,-0.0,0.0
erg_311,0.0,0.0
atom_pair_bit_0705,0.0,0.0
atom_pair_bit_0706,0.0,0.0
atom_pair_bit_0707,0.0,0.0
atom_pair_bit_0708,0.0,0.0
atom_pair_bit_0709,0.0,0.0
atom_pair_bit_0710,0.0,0.0
atom_pair_bit_0711,0.0,0.0
atom_pair_bit_0712,0.0,0.0
erg_312,-0.0,0.0
atom_pair_bit_0714,-0.0,0.0
atom_pair_bit_0715,0.0,0.0
atom_pair_bit_0716,0.0,0.0
atom_pair_bit_0717,-0.0,0.0
atom_pair_bit_0718,0.0,0.0
atom_pair_bit_0719,0.0,0.0
atom_pair_bit_0720,0.0,0.0
atom_pair_bit_0721,0.0,0.0
atom_pair_bit_0722,0.0,0.0
atom_pair_bit_0723,0.0,0.0
atom_pair_bit_0724,0.0,0.0
atom_pair_bit_0725,0.0,0.0
atom_pair_bit_0726,0.0,0.0
atom_pair_bit_0727,-0.0,0.0
atom_pair_bit_0728,-0.0,0.0
atom_pair_bit_0729,-0.0,0.0
atom_pair_bit_0730,-0.0,0.0
atom_pair_bit_0731,-0.0,0.0
atom_pair_bit_0732,-0.0,0.0
atom_pair_bit_0733,-0.0,0.0
atom_pair_bit_0734,-0.0,0.0
atom_pair_bit_0736,-0.0,0.0
atom_pair_bit_0737,-0.0,0.0
atom_pair_bit_0738,-0.0,0.0
atom_pair_bit_0739,-0.0,0.0
atom_pair_bit_0740,0.0,0.0
atom_pair_bit_0741,-0.0,0.0
atom_pair_bit_0742,0.0,0.0
atom_pair_bit_0744,0.0,0.0
atom_pair_bit_0745,-0.0,0.0
atom_pair_bit_0746,-0.0,0.0
atom_pair_bit_0747,-0.0,0.0
atom_pair_bit_0748,0.0,0.0
atom_pair_bit_0749,0.0,0.0
atom_pair_bit_0750,0.0,0.0
atom_pair_bit_0751,0.0,0.0
atom_pair_bit_0752,0.0,0.0
atom_pair_bit_0753,0.0,0.0
atom_pair_bit_0754,0.0,0.0
atom_pair_bit_0756,-0.0,0.0
atom_pair_bit_0757,0.0,0.0
atom_pair_bit_0758,-0.0,0.0
atom_pair_bit_0759,0.0,0.0
atom_pair_bit_0760,0.0,0.0
morgan_bit_0002,0.0,0.0
atom_pair_bit_0762,0.0,0.0
morgan_bit_0022,-0.0,0.0
atom_pair_bit_0764,-0.0,0.0
atom_pair_bit_0765,-0.0,0.0
atom_pair_bit_0766,0.0,0.0
atom_pair_bit_0767,-0.0,0.0
atom_pair_bit_0768,0.0,0.0
morgan_bit_0023,0.0,0.0
atom_pair_bit_0770,-0.0,0.0
atom_pair_bit_0771,-0.0,0.0
atom_pair_bit_0772,-0.0,0.0
morgan_bit_0024,0.0,0.0
atom_pair_bit_0774,0.0,0.0
morgan_bit_0025,-0.0,0.0
atom_pair_bit_0776,-0.0,0.0
atom_pair_bit_0777,0.0,0.0
atom_pair_bit_0778,-0.0,0.0
atom_pair_bit_0779,-0.0,0.0
atom_pair_bit_0780,-0.0,0.0
atom_pair_bit_0781,-0.0,0.0
atom_pair_bit_0782,-0.0,0.0
morgan_bit_0026,-0.0,0.0
atom_pair_bit_0784,-0.0,0.0
atom_pair_bit_0785,-0.0,0.0
atom_pair_bit_0786,0.0,0.0
atom_pair_bit_0787,0.0,0.0
atom_pair_bit_0788,0.0,0.0
atom_pair_bit_0789,-0.0,0.0
morgan_bit_0027,-0.0,0.0
atom_pair_bit_0791,0.0,0.0
atom_pair_bit_0792,0.0,0.0
atom_pair_bit_0793,-0.0,0.0
atom_pair_bit_0794,-0.0,0.0
atom_pair_bit_0796,0.0,0.0
atom_pair_bit_0797,-0.0,0.0
morgan_bit_0028,0.0,0.0
atom_pair_bit_0799,0.0,0.0
atom_pair_bit_0800,0.0,0.0
atom_pair_bit_0801,0.0,0.0
atom_pair_bit_0802,0.0,0.0
atom_pair_bit_0803,-0.0,0.0
atom_pair_bit_0804,-0.0,0.0
atom_pair_bit_0805,-0.0,0.0
atom_pair_bit_0806,-0.0,0.0
atom_pair_bit_0807,0.0,0.0
atom_pair_bit_0808,0.0,0.0
atom_pair_bit_0809,0.0,0.0
atom_pair_bit_0810,-0.0,0.0
atom_pair_bit_0811,-0.0,0.0
morgan_bit_0029,-0.0,0.0
atom_pair_bit_0813,-0.0,0.0
atom_pair_bit_0814,-0.0,0.0
atom_pair_bit_0815,-0.0,0.0
atom_pair_bit_0816,-0.0,0.0
atom_pair_bit_0817,-0.0,0.0
atom_pair_bit_0818,-0.0,0.0
atom_pair_bit_0819,-0.0,0.0
atom_pair_bit_0820,0.0,0.0
atom_pair_bit_0821,0.0,0.0
atom_pair_bit_0822,0.0,0.0
atom_pair_bit_0823,-0.0,0.0
morgan_bit_0030,-0.0,0.0
atom_pair_bit_0825,0.0,0.0
atom_pair_bit_0826,0.0,0.0
morgan_bit_0031,0.0,0.0
atom_pair_bit_0829,0.0,0.0
atom_pair_bit_0830,0.0,0.0
atom_pair_bit_0831,0.0,0.0
atom_pair_bit_0832,0.0,0.0
atom_pair_bit_0833,0.0,0.0
atom_pair_bit_0834,0.0,0.0
atom_pair_bit_0836,-0.0,0.0
atom_pair_bit_0837,-0.0,0.0
atom_pair_bit_0838,0.0,0.0
atom_pair_bit_0840,0.0,0.0
morgan_bit_0032,-0.0,0.0
atom_pair_bit_0842,-0.0,0.0
morgan_bit_0033,-0.0,0.0
atom_pair_bit_0844,-0.0,0.0
atom_pair_bit_0845,-0.0,0.0
atom_pair_bit_0846,0.0,0.0
atom_pair_bit_0847,0.0,0.0
atom_pair_bit_0848,-0.0,0.0
atom_pair_bit_0849,-0.0,0.0
atom_pair_bit_0850,-0.0,0.0
atom_pair_bit_0852,0.0,0.0
atom_pair_bit_0853,-0.0,0.0
atom_pair_bit_0854,0.0,0.0
atom_pair_bit_0856,0.0,0.0
atom_pair_bit_0857,-0.0,0.0
atom_pair_bit_0858,-0.0,0.0
atom_pair_bit_0859,0.0,0.0
atom_pair_bit_0860,-0.0,0.0
atom_pair_bit_0861,-0.0,0.0
atom_pair_bit_0862,0.0,0.0
atom_pair_bit_0864,0.0,0.0
atom_pair_bit_0865,-0.0,0.0
atom_pair_bit_0866,0.0,0.0
atom_pair_bit_0867,0.0,0.0
atom_pair_bit_0868,0.0,0.0
atom_pair_bit_0869,-0.0,0.0
atom_pair_bit_0870,0.0,0.0
atom_pair_bit_0871,0.0,0.0
atom_pair_bit_0872,0.0,0.0
atom_pair_bit_0873,-0.0,0.0
atom_pair_bit_0874,-0.0,0.0
atom_pair_bit_0876,-0.0,0.0
atom_pair_bit_0877,-0.0,0.0
atom_pair_bit_0878,-0.0,0.0
atom_pair_bit_0879,-0.0,0.0
atom_pair_bit_0880,-0.0,0.0
atom_pair_bit_0881,-0.0,0.0
atom_pair_bit_0882,0.0,0.0
atom_pair_bit_0883,-0.0,0.0
atom_pair_bit_0884,-0.0,0.0
atom_pair_bit_0885,-0.0,0.0
atom_pair_bit_0886,-0.0,0.0
atom_pair_bit_0888,-0.0,0.0
atom_pair_bit_0889,0.0,0.0
atom_pair_bit_0890,0.0,0.0
atom_pair_bit_0891,0.0,0.0
atom_pair_bit_0892,-0.0,0.0
atom_pair_bit_0893,-0.0,0.0
atom_pair_bit_0894,-0.0,0.0
atom_pair_bit_0896,0.0,0.0
atom_pair_bit_0897,0.0,0.0
atom_pair_bit_0898,-0.0,0.0
atom_pair_bit_0900,-0.0,0.0
atom_pair_bit_0901,-0.0,0.0
atom_pair_bit_0902,0.0,0.0
atom_pair_bit_0903,0.0,0.0
atom_pair_bit_0904,-0.0,0.0
atom_pair_bit_0905,-0.0,0.0
atom_pair_bit_0906,0.0,0.0
atom_pair_bit_0907,0.0,0.0
atom_pair_bit_0908,0.0,0.0
atom_pair_bit_0909,-0.0,0.0
atom_pair_bit_0910,-0.0,0.0
atom_pair_bit_0912,0.0,0.0
morgan_bit_0034,-0.0,0.0
morgan_bit_0036,0.0,0.0
atom_pair_bit_0916,0.0,0.0
atom_pair_bit_0917,0.0,0.0
atom_pair_bit_0918,0.0,0.0
atom_pair_bit_0919,0.0,0.0
atom_pair_bit_0920,0.0,0.0
atom_pair_bit_0921,0.0,0.0
atom_pair_bit_0922,-0.0,0.0
atom_pair_bit_0923,-0.0,0.0
atom_pair_bit_0924,0.0,0.0
atom_pair_bit_0925,0.0,0.0
atom_pair_bit_0926,0.0,0.0
atom_pair_bit_0927,0.0,0.0
atom_pair_bit_0928,-0.0,0.0
atom_pair_bit_0929,-0.0,0.0
atom_pair_bit_0930,0.0,0.0
atom_pair_bit_0931,0.0,0.0
atom_pair_bit_0932,0.0,0.0
atom_pair_bit_0933,-0.0,0.0
atom_pair_bit_0934,-0.0,0.0
atom_pair_bit_0936,0.0,0.0
atom_pair_bit_0937,0.0,0.0
atom_pair_bit_0938,0.0,0.0
atom_pair_bit_0940,0.0,0.0
atom_pair_bit_0941,0.0,0.0
atom_pair_bit_0942,-0.0,0.0
atom_pair_bit_0944,0.0,0.0
atom_pair_bit_0945,0.0,0.0
atom_pair_bit_0946,0.0,0.0
atom_pair_bit_0948,0.0,0.0
atom_pair_bit_0949,-0.0,0.0
atom_pair_bit_0950,-0.0,0.0
atom_pair_bit_0952,-0.0,0.0
atom_pair_bit_0953,-0.0,0.0
atom_pair_bit_0954,-0.0,0.0
atom_pair_bit_0955,0.0,0.0
atom_pair_bit_0956,-0.0,0.0
atom_pair_bit_0957,0.0,0.0
atom_pair_bit_0958,0.0,0.0
atom_pair_bit_0960,-0.0,0.0
atom_pair_bit_0961,-0.0,0.0
atom_pair_bit_0962,0.0,0.0
atom_pair_bit_0964,0.0,0.0
atom_pair_bit_0965,0.0,0.0
morgan_bit_0037,0.0,0.0
atom_pair_bit_0967,0.0,0.0
morgan_bit_0038,0.0,0.0
atom_pair_bit_0969,0.0,0.0
atom_pair_bit_0970,-0.0,0.0
atom_pair_bit_0971,-0.0,0.0
atom_pair_bit_0972,0.0,0.0
atom_pair_bit_0973,0.0,0.0
atom_pair_bit_0974,0.0,0.0
atom_pair_bit_0976,0.0,0.0
morgan_bit_0040,0.0,0.0
atom_pair_bit_0978,0.0,0.0
atom_pair_bit_0979,-0.0,0.0
atom_pair_bit_0980,-0.0,0.0
atom_pair_bit_0981,-0.0,0.0
morgan_bit_0041,0.0,0.0
atom_pair_bit_0983,0.0,0.0
atom_pair_bit_0984,-0.0,0.0
morgan_bit_0042,0.0,0.0
atom_pair_bit_0986,-0.0,0.0
atom_pair_bit_0988,0.0,0.0
atom_pair_bit_0989,-0.0,0.0
atom_pair_bit_0990,-0.0,0.0
atom_pair_bit_0991,-0.0,0.0
atom_pair_bit_0992,0.0,0.0
atom_pair_bit_0993,-0.0,0.0
atom_pair_bit_0994,-0.0,0.0
atom_pair_bit_0996,0.0,0.0
atom_pair_bit_0997,0.0,0.0
atom_pair_bit_0998,0.0,0.0
atom_pair_bit_1000,0.0,0.0
atom_pair_bit_1001,0.0,0.0
atom_pair_bit_1002,-0.0,0.0
atom_pair_bit_1004,0.0,0.0
atom_pair_bit_1005,0.0,0.0
atom_pair_bit_1006,-0.0,0.0
atom_pair_bit_1007,-0.0,0.0
atom_pair_bit_1008,0.0,0.0
atom_pair_bit_1009,0.0,0.0
atom_pair_bit_1010,0.0,0.0
atom_pair_bit_1011,0.0,0.0
atom_pair_bit_1012,-0.0,0.0
atom_pair_bit_1013,0.0,0.0
atom_pair_bit_1014,-0.0,0.0
atom_pair_bit_1016,-0.0,0.0
atom_pair_bit_1017,0.0,0.0
atom_pair_bit_1018,-0.0,0.0
atom_pair_bit_1019,0.0,0.0
atom_pair_bit_1020,0.0,0.0
atom_pair_bit_1021,-0.0,0.0
morgan_bit_0043,-0.0,0.0
atom_pair_bit_1023,-0.0,0.0
topological_torsion_bit_0000,0.0,0.0
topological_torsion_bit_0001,0.0,0.0
topological_torsion_bit_0004,-0.0,0.0
topological_torsion_bit_0005,-0.0,0.0
morgan_bit_0044,-0.0,0.0
topological_torsion_bit_0012,0.0,0.0
topological_torsion_bit_0013,0.0,0.0
topological_torsion_bit_0014,0.0,0.0
topological_torsion_bit_0016,-0.0,0.0
topological_torsion_bit_0020,-0.0,0.0
morgan_bit_0045,0.0,0.0
topological_torsion_bit_0025,-0.0,0.0
morgan_bit_0046,0.0,0.0
topological_torsion_bit_0028,-0.0,0.0
topological_torsion_bit_0029,-0.0,0.0
topological_torsion_bit_0030,0.0,0.0
topological_torsion_bit_0032,0.0,0.0
topological_torsion_bit_0033,0.0,0.0
topological_torsion_bit_0036,-0.0,0.0
topological_torsion_bit_0037,0.0,0.0
topological_torsion_bit_0040,-0.0,0.0
morgan_bit_0047,-0.0,0.0
topological_torsion_bit_0044,0.0,0.0
topological_torsion_bit_0048,-0.0,0.0
topological_torsion_bit_0049,0.0,0.0
morgan_bit_0048,-0.0,0.0
morgan_bit_0049,0.0,0.0
topological_torsion_bit_0064,0.0,0.0
topological_torsion_bit_0065,-0.0,0.0
topological_torsion_bit_0068,0.0,0.0
topological_torsion_bit_0069,0.0,0.0
topological_torsion_bit_0070,0.0,0.0
topological_torsion_bit_0072,-0.0,0.0
topological_torsion_bit_0076,0.0,0.0
topological_torsion_bit_0080,-0.0,0.0
topological_torsion_bit_0084,0.0,0.0
topological_torsion_bit_0085,0.0,0.0
topological_torsion_bit_0088,0.0,0.0
topological_torsion_bit_0092,-0.0,0.0
topological_torsion_bit_0093,0.0,0.0
topological_torsion_bit_0094,0.0,0.0
topological_torsion_bit_0096,0.0,0.0
topological_torsion_bit_0097,-0.0,0.0
topological_torsion_bit_0100,0.0,0.0
morgan_bit_0050,0.0,0.0
morgan_bit_0051,0.0,0.0
topological_torsion_bit_0108,-0.0,0.0
topological_torsion_bit_0109,0.0,0.0
topological_torsion_bit_0112,0.0,0.0
topological_torsion_bit_0113,0.0,0.0
topological_torsion_bit_0116,-0.0,0.0
topological_torsion_bit_0120,-0.0,0.0
topological_torsion_bit_0121,-0.0,0.0
topological_torsion_bit_0124,-0.0,0.0
topological_torsion_bit_0125,-0.0,0.0
topological_torsion_bit_0128,0.0,0.0
topological_torsion_bit_0129,0.0,0.0
topological_torsion_bit_0132,0.0,0.0
topological_torsion_bit_0136,0.0,0.0
morgan_bit_0052,0.0,0.0
topological_torsion_bit_0141,0.0,0.0
topological_torsion_bit_0144,-0.0,0.0
topological_torsion_bit_0145,0.0,0.0
topological_torsion_bit_0148,-0.0,0.0
topological_torsion_bit_0149,-0.0,0.0
topological_torsion_bit_0150,-0.0,0.0
topological_torsion_bit_0152,0.0,0.0
topological_torsion_bit_0153,-0.0,0.0
topological_torsion_bit_0156,-0.0,0.0
topological_torsion_bit_0157,-0.0,0.0
topological_torsion_bit_0158,-0.0,0.0
morgan_bit_0053,-0.0,0.0
topological_torsion_bit_0164,-0.0,0.0
topological_torsion_bit_0168,0.0,0.0
topological_torsion_bit_0172,-0.0,0.0
topological_torsion_bit_0173,-0.0,0.0
topological_torsion_bit_0176,0.0,0.0
topological_torsion_bit_0177,0.0,0.0
topological_torsion_bit_0178,0.0,0.0
topological_torsion_bit_0180,-0.0,0.0
topological_torsion_bit_0181,-0.0,0.0
topological_torsion_bit_0184,0.0,0.0
topological_torsion_bit_0185,0.0,0.0
topological_torsion_bit_0186,-0.0,0.0
topological_torsion_bit_0188,0.0,0.0
topological_torsion_bit_0189,-0.0,0.0
topological_torsion_bit_0192,0.0,0.0
topological_torsion_bit_0193,0.0,0.0
topological_torsion_bit_0196,-0.0,0.0
topological_torsion_bit_0197,-0.0,0.0
topological_torsion_bit_0200,-0.0,0.0
topological_torsion_bit_0201,-0.0,0.0
morgan_bit_0054,-0.0,0.0
topological_torsion_bit_0208,0.0,0.0
topological_torsion_bit_0209,-0.0,0.0
morgan_bit_0056,-0.0,0.0
topological_torsion_bit_0213,0.0,0.0
topological_torsion_bit_0216,0.0,0.0
topological_torsion_bit_0220,-0.0,0.0
topological_torsion_bit_0221,-0.0,0.0
topological_torsion_bit_0224,-0.0,0.0
topological_torsion_bit_0228,-0.0,0.0
topological_torsion_bit_0232,0.0,0.0
topological_torsion_bit_0233,0.0,0.0
topological_torsion_bit_0236,0.0,0.0
topological_torsion_bit_0240,-0.0,0.0
topological_torsion_bit_0244,-0.0,0.0
topological_torsion_bit_0245,0.0,0.0
topological_torsion_bit_0248,-0.0,0.0
topological_torsion_bit_0249,0.0,0.0
topological_torsion_bit_0252,-0.0,0.0
topological_torsion_bit_0253,0.0,0.0
topological_torsion_bit_0256,0.0,0.0
topological_torsion_bit_0260,0.0,0.0
topological_torsion_bit_0261,0.0,0.0
topological_torsion_bit_0264,0.0,0.0
morgan_bit_0057,-0.0,0.0
topological_torsion_bit_0268,-0.0,0.0
topological_torsion_bit_0269,0.0,0.0
topological_torsion_bit_0272,-0.0,0.0
topological_torsion_bit_0273,-0.0,0.0
topological_torsion_bit_0276,0.0,0.0
topological_torsion_bit_0277,0.0,0.0
topological_torsion_bit_0280,0.0,0.0
morgan_bit_0058,-0.0,0.0
topological_torsion_bit_0282,0.0,0.0
topological_torsion_bit_0284,0.0,0.0
topological_torsion_bit_0285,0.0,0.0
topological_torsion_bit_0288,0.0,0.0
topological_torsion_bit_0289,0.0,0.0
topological_torsion_bit_0292,0.0,0.0
topological_torsion_bit_0293,0.0,0.0
topological_torsion_bit_0294,0.0,0.0
topological_torsion_bit_0296,0.0,0.0
morgan_bit_0059,0.0,0.0
topological_torsion_bit_0300,-0.0,0.0
topological_torsion_bit_0301,0.0,0.0
topological_torsion_bit_0302,-0.0,0.0
topological_torsion_bit_0304,-0.0,0.0
topological_torsion_bit_0305,-0.0,0.0
topological_torsion_bit_0306,-0.0,0.0
topological_torsion_bit_0308,0.0,0.0
topological_torsion_bit_0309,0.0,0.0
topological_torsion_bit_0312,-0.0,0.0
topological_torsion_bit_0313,0.0,0.0
topological_torsion_bit_0314,-0.0,0.0
topological_torsion_bit_0315,0.0,0.0
morgan_bit_0060,-0.0,0.0
morgan_bit_0061,-0.0,0.0
topological_torsion_bit_0320,0.0,0.0
topological_torsion_bit_0321,0.0,0.0
topological_torsion_bit_0322,0.0,0.0
topological_torsion_bit_0324,-0.0,0.0
topological_torsion_bit_0325,0.0,0.0
topological_torsion_bit_0328,0.0,0.0
topological_torsion_bit_0329,0.0,0.0
topological_torsion_bit_0332,0.0,0.0
topological_torsion_bit_0333,-0.0,0.0
topological_torsion_bit_0336,0.0,0.0
topological_torsion_bit_0337,0.0,0.0
topological_torsion_bit_0340,-0.0,0.0
morgan_bit_0062,0.0,0.0
topological_torsion_bit_0344,-0.0,0.0
topological_torsion_bit_0345,-0.0,0.0
topological_torsion_bit_0348,0.0,0.0
topological_torsion_bit_0349,0.0,0.0
topological_torsion_bit_0350,0.0,0.0
morgan_bit_0063,0.0,0.0
topological_torsion_bit_0353,0.0,0.0
topological_torsion_bit_0356,0.0,0.0
topological_torsion_bit_0360,0.0,0.0
topological_torsion_bit_0361,-0.0,0.0
topological_torsion_bit_0364,-0.0,0.0
topological_torsion_bit_0365,-0.0,0.0
topological_torsion_bit_0368,-0.0,0.0
topological_torsion_bit_0369,-0.0,0.0
topological_torsion_bit_0372,-0.0,0.0
topological_torsion_bit_0373,-0.0,0.0
topological_torsion_bit_0374,-0.0,0.0
morgan_bit_0064,-0.0,0.0
topological_torsion_bit_0377,0.0,0.0
topological_torsion_bit_0378,0.0,0.0
topological_torsion_bit_0379,-0.0,0.0
topological_torsion_bit_0380,0.0,0.0
topological_torsion_bit_0381,0.0,0.0
topological_torsion_bit_0382,-0.0,0.0
morgan_bit_0065,-0.0,0.0
morgan_bit_0066,0.0,0.0
topological_torsion_bit_0385,-0.0,0.0
topological_torsion_bit_0388,0.0,0.0
topological_torsion_bit_0389,0.0,0.0
topological_torsion_bit_0392,0.0,0.0
morgan_bit_0067,-0.0,0.0
topological_torsion_bit_0396,0.0,0.0
topological_torsion_bit_0397,0.0,0.0
topological_torsion_bit_0398,-0.0,0.0
topological_torsion_bit_0400,-0.0,0.0
topological_torsion_bit_0401,-0.0,0.0
topological_torsion_bit_0404,0.0,0.0
topological_torsion_bit_0405,0.0,0.0
morgan_bit_0068,0.0,0.0
morgan_bit_0069,0.0,0.0
morgan_bit_0070,0.0,0.0
topological_torsion_bit_0412,0.0,0.0
topological_torsion_bit_0413,0.0,0.0
topological_torsion_bit_0414,0.0,0.0
topological_torsion_bit_0416,-0.0,0.0
topological_torsion_bit_0417,0.0,0.0
topological_torsion_bit_0420,-0.0,0.0
topological_torsion_bit_0421,-0.0,0.0
topological_torsion_bit_0424,0.0,0.0
topological_torsion_bit_0425,0.0,0.0
topological_torsion_bit_0426,-0.0,0.0
topological_torsion_bit_0428,0.0,0.0
topological_torsion_bit_0429,0.0,0.0
topological_torsion_bit_0432,-0.0,0.0
topological_torsion_bit_0433,-0.0,0.0
topological_torsion_bit_0434,-0.0,0.0
topological_torsion_bit_0436,-0.0,0.0
topological_torsion_bit_0437,-0.0,0.0
topological_torsion_bit_0440,0.0,0.0
topological_torsion_bit_0441,-0.0,0.0
topological_torsion_bit_0442,-0.0,0.0
topological_torsion_bit_0444,-0.0,0.0
topological_torsion_bit_0445,-0.0,0.0
topological_torsion_bit_0448,0.0,0.0
topological_torsion_bit_0449,-0.0,0.0
topological_torsion_bit_0450,0.0,0.0
topological_torsion_bit_0452,-0.0,0.0
topological_torsion_bit_0453,0.0,0.0
topological_torsion_bit_0454,0.0,0.0
topological_torsion_bit_0456,0.0,0.0
topological_torsion_bit_0457,0.0,0.0
topological_torsion_bit_0460,0.0,0.0
topological_torsion_bit_0461,0.0,0.0
topological_torsion_bit_0464,0.0,0.0
topological_torsion_bit_0465,-0.0,0.0
topological_torsion_bit_0468,-0.0,0.0
topological_torsion_bit_0469,-0.0,0.0
morgan_bit_0071,-0.0,0.0
topological_torsion_bit_0473,-0.0,0.0
topological_torsion_bit_0476,0.0,0.0
topological_torsion_bit_0477,-0.0,0.0
topological_torsion_bit_0480,-0.0,0.0
topological_torsion_bit_0481,-0.0,0.0
topological_torsion_bit_0484,0.0,0.0
topological_torsion_bit_0485,-0.0,0.0
topological_torsion_bit_0486,-0.0,0.0
morgan_bit_0072,-0.0,0.0
topological_torsion_bit_0489,0.0,0.0
topological_torsion_bit_0492,0.0,0.0
topological_torsion_bit_0496,0.0,0.0
topological_torsion_bit_0497,-0.0,0.0
topological_torsion_bit_0498,-0.0,0.0
morgan_bit_0073,-0.0,0.0
topological_torsion_bit_0501,0.0,0.0
topological_torsion_bit_0504,0.0,0.0
topological_torsion_bit_0505,0.0,0.0
topological_torsion_bit_0508,0.0,0.0
topological_torsion_bit_0509,0.0,0.0
topological_torsion_bit_0510,0.0,0.0
topological_torsion_bit_0511,0.0,0.0
topological_torsion_bit_0512,-0.0,0.0
topological_torsion_bit_0513,-0.0,0.0
morgan_bit_0074,0.0,0.0
morgan_bit_0075,0.0,0.0
topological_torsion_bit_0517,0.0,0.0
topological_torsion_bit_0518,-0.0,0.0
topological_torsion_bit_0520,0.0,0.0
topological_torsion_bit_0521,-0.0,0.0
topological_torsion_bit_0522,0.0,0.0
topological_torsion_bit_0524,0.0,0.0
topological_torsion_bit_0525,0.0,0.0
topological_torsion_bit_0526,0.0,0.0
topological_torsion_bit_0528,-0.0,0.0
topological_torsion_bit_0529,-0.0,0.0
topological_torsion_bit_0530,-0.0,0.0
topological_torsion_bit_0532,-0.0,0.0
topological_torsion_bit_0533,-0.0,0.0
topological_torsion_bit_0534,0.0,0.0
morgan_bit_0077,-0.0,0.0
topological_torsion_bit_0537,-0.0,0.0
topological_torsion_bit_0538,0.0,0.0
topological_torsion_bit_0540,-0.0,0.0
topological_torsion_bit_0541,-0.0,0.0
topological_torsion_bit_0544,0.0,0.0
topological_torsion_bit_0545,-0.0,0.0
topological_torsion_bit_0548,-0.0,0.0
morgan_bit_0078,0.0,0.0
morgan_bit_0079,-0.0,0.0
morgan_bit_0081,0.0,0.0
topological_torsion_bit_0556,0.0,0.0
topological_torsion_bit_0557,0.0,0.0
topological_torsion_bit_0558,0.0,0.0
topological_torsion_bit_0560,0.0,0.0
topological_torsion_bit_0561,-0.0,0.0
topological_torsion_bit_0564,0.0,0.0
topological_torsion_bit_0565,0.0,0.0
topological_torsion_bit_0568,0.0,0.0
topological_torsion_bit_0572,-0.0,0.0
topological_torsion_bit_0573,-0.0,0.0
morgan_bit_0082,-0.0,0.0
topological_torsion_bit_0577,-0.0,0.0
topological_torsion_bit_0580,-0.0,0.0
topological_torsion_bit_0581,0.0,0.0
topological_torsion_bit_0582,-0.0,0.0
topological_torsion_bit_0584,-0.0,0.0
topological_torsion_bit_0585,-0.0,0.0
topological_torsion_bit_0586,-0.0,0.0
topological_torsion_bit_0588,0.0,0.0
topological_torsion_bit_0589,0.0,0.0
topological_torsion_bit_0592,-0.0,0.0
topological_torsion_bit_0593,-0.0,0.0
topological_torsion_bit_0594,0.0,0.0
morgan_bit_0083,0.0,0.0
topological_torsion_bit_0597,0.0,0.0
topological_torsion_bit_0600,0.0,0.0
topological_torsion_bit_0601,0.0,0.0
topological_torsion_bit_0604,0.0,0.0
topological_torsion_bit_0605,0.0,0.0
topological_torsion_bit_0608,-0.0,0.0
topological_torsion_bit_0609,0.0,0.0
topological_torsion_bit_0612,0.0,0.0
topological_torsion_bit_0613,-0.0,0.0
morgan_bit_0084,0.0,0.0
topological_torsion_bit_0616,-0.0,0.0
topological_torsion_bit_0617,-0.0,0.0
topological_torsion_bit_0618,0.0,0.0
topological_torsion_bit_0620,0.0,0.0
topological_torsion_bit_0621,0.0,0.0
morgan_bit_0085,0.0,0.0
topological_torsion_bit_0624,-0.0,0.0
topological_torsion_bit_0625,0.0,0.0
topological_torsion_bit_0628,0.0,0.0
topological_torsion_bit_0629,-0.0,0.0
topological_torsion_bit_0632,-0.0,0.0
topological_torsion_bit_0633,-0.0,0.0
morgan_bit_0086,0.0,0.0
topological_torsion_bit_0636,-0.0,0.0
topological_torsion_bit_0637,-0.0,0.0
topological_torsion_bit_0638,0.0,0.0
topological_torsion_bit_0640,0.0,0.0
topological_torsion_bit_0641,-0.0,0.0
topological_torsion_bit_0644,-0.0,0.0
topological_torsion_bit_0645,-0.0,0.0
topological_torsion_bit_0648,0.0,0.0
topological_torsion_bit_0649,0.0,0.0
topological_torsion_bit_0650,0.0,0.0
topological_torsion_bit_0652,-0.0,0.0
morgan_bit_0087,0.0,0.0
topological_torsion_bit_0654,-0.0,0.0
topological_torsion_bit_0656,0.0,0.0
topological_torsion_bit_0657,-0.0,0.0
topological_torsion_bit_0660,0.0,0.0
topological_torsion_bit_0661,0.0,0.0
topological_torsion_bit_0662,0.0,0.0
topological_torsion_bit_0664,0.0,0.0
topological_torsion_bit_0665,0.0,0.0
topological_torsion_bit_0668,-0.0,0.0
topological_torsion_bit_0669,-0.0,0.0
topological_torsion_bit_0672,-0.0,0.0
topological_torsion_bit_0673,0.0,0.0
topological_torsion_bit_0674,0.0,0.0
topological_torsion_bit_0676,0.0,0.0
topological_torsion_bit_0677,0.0,0.0
morgan_bit_0088,-0.0,0.0
topological_torsion_bit_0684,0.0,0.0
topological_torsion_bit_0685,0.0,0.0
topological_torsion_bit_0688,0.0,0.0
topological_torsion_bit_0689,0.0,0.0
topological_torsion_bit_0690,-0.0,0.0
topological_torsion_bit_0692,-0.0,0.0
topological_torsion_bit_0693,-0.0,0.0
topological_torsion_bit_0694,0.0,0.0
topological_torsion_bit_0695,-0.0,0.0
topological_torsion_bit_0696,0.0,0.0
topological_torsion_bit_0697,0.0,0.0
topological_torsion_bit_0700,0.0,0.0
topological_torsion_bit_0701,-0.0,0.0
topological_torsion_bit_0704,-0.0,0.0
topological_torsion_bit_0705,-0.0,0.0
topological_torsion_bit_0706,-0.0,0.0
topological_torsion_bit_0708,-0.0,0.0
topological_torsion_bit_0709,-0.0,0.0
topological_torsion_bit_0712,0.0,0.0
topological_torsion_bit_0716,-0.0,0.0
topological_torsion_bit_0717,-0.0,0.0
topological_torsion_bit_0720,0.0,0.0
topological_torsion_bit_0721,0.0,0.0
topological_torsion_bit_0722,0.0,0.0
topological_torsion_bit_0724,-0.0,0.0
morgan_bit_0089,-0.0,0.0
topological_torsion_bit_0728,-0.0,0.0
topological_torsion_bit_0729,0.0,0.0
topological_torsion_bit_0730,0.0,0.0
topological_torsion_bit_0732,0.0,0.0
topological_torsion_bit_0733,0.0,0.0
topological_torsion_bit_0734,0.0,0.0
topological_torsion_bit_0736,0.0,0.0
topological_torsion_bit_0737,-0.0,0.0
morgan_bit_0090,-0.0,0.0
morgan_bit_0091,0.0,0.0
topological_torsion_bit_0744,-0.0,0.0
topological_torsion_bit_0745,-0.0,0.0
topological_torsion_bit_0748,0.0,0.0
morgan_bit_0092,-0.0,0.0
topological_torsion_bit_0752,-0.0,0.0
topological_torsion_bit_0753,-0.0,0.0
topological_torsion_bit_0756,0.0,0.0
topological_torsion_bit_0757,0.0,0.0
topological_torsion_bit_0760,0.0,0.0
topological_torsion_bit_0761,0.0,0.0
topological_torsion_bit_0762,0.0,0.0
topological_torsion_bit_0763,0.0,0.0
topological_torsion_bit_0764,-0.0,0.0
topological_torsion_bit_0765,0.0,0.0
topological_torsion_bit_0768,-0.0,0.0
topological_torsion_bit_0769,0.0,0.0
topological_torsion_bit_0770,-0.0,0.0
topological_torsion_bit_0772,0.0,0.0
topological_torsion_bit_0776,0.0,0.0
topological_torsion_bit_0777,0.0,0.0
topological_torsion_bit_0778,0.0,0.0
topological_torsion_bit_0780,-0.0,0.0
topological_torsion_bit_0781,-0.0,0.0
topological_torsion_bit_0784,-0.0,0.0
topological_torsion_bit_0788,0.0,0.0
topological_torsion_bit_0789,0.0,0.0
topological_torsion_bit_0790,-0.0,0.0
topological_torsion_bit_0792,-0.0,0.0
morgan_bit_0093,-0.0,0.0
topological_torsion_bit_0796,-0.0,0.0
topological_torsion_bit_0797,0.0,0.0
topological_torsion_bit_0800,0.0,0.0
topological_torsion_bit_0801,0.0,0.0
morgan_bit_0094,-0.0,0.0
morgan_bit_0095,-0.0,0.0
topological_torsion_bit_0809,-0.0,0.0
topological_torsion_bit_0812,0.0,0.0
topological_torsion_bit_0813,-0.0,0.0
topological_torsion_bit_0816,0.0,0.0
topological_torsion_bit_0817,0.0,0.0
topological_torsion_bit_0818,0.0,0.0
topological_torsion_bit_0820,-0.0,0.0
topological_torsion_bit_0821,-0.0,0.0
topological_torsion_bit_0824,-0.0,0.0
topological_torsion_bit_0828,-0.0,0.0
morgan_bit_0096,0.0,0.0
morgan_bit_0097,0.0,0.0
topological_torsion_bit_0832,-0.0,0.0
topological_torsion_bit_0833,-0.0,0.0
topological_torsion_bit_0836,-0.0,0.0
topological_torsion_bit_0837,0.0,0.0
topological_torsion_bit_0840,-0.0,0.0
topological_torsion_bit_0841,-0.0,0.0
topological_torsion_bit_0844,-0.0,0.0
morgan_bit_0098,-0.0,0.0
topological_torsion_bit_0848,0.0,0.0
topological_torsion_bit_0849,0.0,0.0
topological_torsion_bit_0850,0.0,0.0
topological_torsion_bit_0852,-0.0,0.0
topological_torsion_bit_0853,-0.0,0.0
topological_torsion_bit_0854,-0.0,0.0
topological_torsion_bit_0856,-0.0,0.0
topological_torsion_bit_0860,0.0,0.0
topological_torsion_bit_0861,0.0,0.0
topological_torsion_bit_0864,0.0,0.0
topological_torsion_bit_0865,0.0,0.0
topological_torsion_bit_0868,0.0,0.0
topological_torsion_bit_0869,0.0,0.0
topological_torsion_bit_0870,0.0,0.0
topological_torsion_bit_0872,-0.0,0.0
topological_torsion_bit_0873,0.0,0.0
topological_torsion_bit_0876,0.0,0.0
topological_torsion_bit_0877,-0.0,0.0
topological_torsion_bit_0880,0.0,0.0
topological_torsion_bit_0884,-0.0,0.0
topological_torsion_bit_0885,0.0,0.0
topological_torsion_bit_0888,0.0,0.0
topological_torsion_bit_0889,-0.0,0.0
morgan_bit_0099,-0.0,0.0
topological_torsion_bit_0896,0.0,0.0
topological_torsion_bit_0897,0.0,0.0
topological_torsion_bit_0900,-0.0,0.0
topological_torsion_bit_0901,0.0,0.0
topological_torsion_bit_0904,-0.0,0.0
topological_torsion_bit_0905,-0.0,0.0
morgan_bit_0100,-0.0,0.0
topological_torsion_bit_0908,-0.0,0.0
topological_torsion_bit_0909,0.0,0.0
topological_torsion_bit_0912,-0.0,0.0
topological_torsion_bit_0913,-0.0,0.0
topological_torsion_bit_0916,-0.0,0.0
topological_torsion_bit_0917,-0.0,0.0
topological_torsion_bit_0920,0.0,0.0
topological_torsion_bit_0924,-0.0,0.0
topological_torsion_bit_0925,-0.0,0.0
topological_torsion_bit_0928,-0.0,0.0
topological_torsion_bit_0929,0.0,0.0
topological_torsion_bit_0932,-0.0,0.0
topological_torsion_bit_0936,-0.0,0.0
topological_torsion_bit_0937,0.0,0.0
topological_torsion_bit_0940,0.0,0.0
topological_torsion_bit_0941,-0.0,0.0
topological_torsion_bit_0942,0.0,0.0
topological_torsion_bit_0944,0.0,0.0
topological_torsion_bit_0945,-0.0,0.0
topological_torsion_bit_0948,0.0,0.0
topological_torsion_bit_0949,-0.0,0.0
topological_torsion_bit_0952,0.0,0.0
topological_torsion_bit_0956,0.0,0.0
topological_torsion_bit_0960,0.0,0.0
topological_torsion_bit_0964,0.0,0.0
topological_torsion_bit_0965,0.0,0.0
topological_torsion_bit_0966,-0.0,0.0
topological_torsion_bit_0968,-0.0,0.0
topological_torsion_bit_0972,0.0,0.0
topological_torsion_bit_0973,0.0,0.0
topological_torsion_bit_0980,0.0,0.0
topological_torsion_bit_0981,0.0,0.0
topological_torsion_bit_0984,0.0,0.0
topological_torsion_bit_0985,0.0,0.0
topological_torsion_bit_0986,-0.0,0.0
topological_torsion_bit_0988,0.0,0.0
topological_torsion_bit_0989,-0.0,0.0
topological_torsion_bit_0992,0.0,0.0
topological_torsion_bit_0993,-0.0,0.0
topological_torsion_bit_0996,0.0,0.0
morgan_bit_0101,-0.0,0.0
topological_torsion_bit_0998,-0.0,0.0
topological_torsion_bit_1000,-0.0,0.0
topological_torsion_bit_1004,0.0,0.0
topological_torsion_bit_1005,-0.0,0.0
topological_torsion_bit_1008,0.0,0.0
morgan_bit_0102,0.0,0.0
topological_torsion_bit_1012,0.0,0.0
topological_torsion_bit_1013,0.0,0.0
topological_torsion_bit_1014,0.0,0.0
topological_torsion_bit_1016,-0.0,0.0
topological_torsion_bit_1017,0.0,0.0
topological_torsion_bit_1020,0.0,0.0
topological_torsion_bit_1021,-0.0,0.0
rdk_path_bit_0000,0.0,0.0
rdk_path_bit_0001,0.0,0.0
rdk_path_bit_0002,0.0,0.0
rdk_path_bit_0003,-0.0,0.0
rdk_path_bit_0004,-0.0,0.0
rdk_path_bit_0005,-0.0,0.0
rdk_path_bit_0006,-0.0,0.0
rdk_path_bit_0007,-0.0,0.0
rdk_path_bit_0008,0.0,0.0
rdk_path_bit_0009,0.0,0.0
rdk_path_bit_0010,-0.0,0.0
morgan_bit_0104,-0.0,0.0
rdk_path_bit_0012,-0.0,0.0
rdk_path_bit_0013,-0.0,0.0
rdk_path_bit_0014,-0.0,0.0
rdk_path_bit_0015,-0.0,0.0
rdk_path_bit_0016,-0.0,0.0
rdk_path_bit_0017,-0.0,0.0
rdk_path_bit_0018,0.0,0.0
rdk_path_bit_0019,0.0,0.0
morgan_bit_0105,0.0,0.0
rdk_path_bit_0021,0.0,0.0
rdk_path_bit_0022,0.0,0.0
rdk_path_bit_0023,0.0,0.0
rdk_path_bit_0024,0.0,0.0
rdk_path_bit_0025,-0.0,0.0
rdk_path_bit_0026,0.0,0.0
rdk_path_bit_0027,-0.0,0.0
rdk_path_bit_0028,0.0,0.0
rdk_path_bit_0029,-0.0,0.0
rdk_path_bit_0030,-0.0,0.0
rdk_path_bit_0031,-0.0,0.0
rdk_path_bit_0032,0.0,0.0
rdk_path_bit_0033,0.0,0.0
rdk_path_bit_0034,-0.0,0.0
rdk_path_bit_0035,0.0,0.0
rdk_path_bit_0036,-0.0,0.0
rdk_path_bit_0037,0.0,0.0
rdk_path_bit_0038,-0.0,0.0
rdk_path_bit_0039,-0.0,0.0
rdk_path_bit_0040,0.0,0.0
rdk_path_bit_0041,-0.0,0.0
rdk_path_bit_0042,0.0,0.0
rdk_path_bit_0043,-0.0,0.0
rdk_path_bit_0044,-0.0,0.0
rdk_path_bit_0045,0.0,0.0
rdk_path_bit_0046,0.0,0.0
rdk_path_bit_0047,0.0,0.0
rdk_path_bit_0048,0.0,0.0
rdk_path_bit_0049,0.0,0.0
rdk_path_bit_0050,0.0,0.0
rdk_path_bit_0051,0.0,0.0
morgan_bit_0106,-0.0,0.0
morgan_bit_0107,-0.0,0.0
rdk_path_bit_0054,-0.0,0.0
rdk_path_bit_0055,-0.0,0.0
rdk_path_bit_0056,0.0,0.0
rdk_path_bit_0057,0.0,0.0
rdk_path_bit_0058,-0.0,0.0
morgan_bit_0108,-0.0,0.0
rdk_path_bit_0060,-0.0,0.0
rdk_path_bit_0061,0.0,0.0
rdk_path_bit_0062,-0.0,0.0
rdk_path_bit_0063,-0.0,0.0
rdk_path_bit_0064,-0.0,0.0
rdk_path_bit_0065,0.0,0.0
rdk_path_bit_0066,0.0,0.0
rdk_path_bit_0067,0.0,0.0
rdk_path_bit_0068,0.0,0.0
rdk_path_bit_0069,0.0,0.0
morgan_bit_0109,0.0,0.0
rdk_path_bit_0071,-0.0,0.0
rdk_path_bit_0072,-0.0,0.0
rdk_path_bit_0073,-0.0,0.0
rdk_path_bit_0074,-0.0,0.0
morgan_bit_0110,0.0,0.0
rdk_path_bit_0076,-0.0,0.0
morgan_bit_0111,-0.0,0.0
rdk_path_bit_0078,-0.0,0.0
rdk_path_bit_0079,0.0,0.0
rdk_path_bit_0080,-0.0,0.0
rdk_path_bit_0081,-0.0,0.0
rdk_path_bit_0082,-0.0,0.0
rdk_path_bit_0083,0.0,0.0
rdk_path_bit_0084,0.0,0.0
rdk_path_bit_0085,0.0,0.0
rdk_path_bit_0086,-0.0,0.0
rdk_path_bit_0087,0.0,0.0
rdk_path_bit_0088,-0.0,0.0
rdk_path_bit_0089,0.0,0.0
morgan_bit_0112,0.0,0.0
rdk_path_bit_0091,-0.0,0.0
rdk_path_bit_0092,0.0,0.0
rdk_path_bit_0093,-0.0,0.0
rdk_path_bit_0094,-0.0,0.0
rdk_path_bit_0095,0.0,0.0
rdk_path_bit_0096,0.0,0.0
rdk_path_bit_0097,-0.0,0.0
rdk_path_bit_0098,-0.0,0.0
rdk_path_bit_0099,-0.0,0.0
rdk_path_bit_0100,-0.0,0.0
rdk_path_bit_0101,-0.0,0.0
rdk_path_bit_0102,0.0,0.0
rdk_path_bit_0103,-0.0,0.0
rdk_path_bit_0104,0.0,0.0
rdk_path_bit_0105,0.0,0.0
rdk_path_bit_0106,-0.0,0.0
rdk_path_bit_0107,-0.0,0.0
rdk_path_bit_0108,-0.0,0.0
rdk_path_bit_0109,-0.0,0.0
rdk_path_bit_0110,-0.0,0.0
rdk_path_bit_0111,0.0,0.0
rdk_path_bit_0112,-0.0,0.0
rdk_path_bit_0113,0.0,0.0
rdk_path_bit_0114,0.0,0.0
rdk_path_bit_0115,-0.0,0.0
rdk_path_bit_0116,0.0,0.0
rdk_path_bit_0117,-0.0,0.0
rdk_path_bit_0118,-0.0,0.0
rdk_path_bit_0119,-0.0,0.0
rdk_path_bit_0120,-0.0,0.0
rdk_path_bit_0121,0.0,0.0
rdk_path_bit_0122,-0.0,0.0
rdk_path_bit_0123,-0.0,0.0
rdk_path_bit_0124,0.0,0.0
rdk_path_bit_0125,0.0,0.0
rdk_path_bit_0126,0.0,0.0
rdk_path_bit_0127,-0.0,0.0
rdk_path_bit_0128,-0.0,0.0
rdk_path_bit_0129,-0.0,0.0
rdk_path_bit_0130,-0.0,0.0
rdk_path_bit_0131,-0.0,0.0
rdk_path_bit_0132,-0.0,0.0
rdk_path_bit_0133,0.0,0.0
rdk_path_bit_0134,-0.0,0.0
rdk_path_bit_0135,0.0,0.0
rdk_path_bit_0136,0.0,0.0
rdk_path_bit_0137,-0.0,0.0
rdk_path_bit_0138,-0.0,0.0
rdk_path_bit_0139,0.0,0.0
rdk_path_bit_0140,0.0,0.0
rdk_path_bit_0141,-0.0,0.0
rdk_path_bit_0142,-0.0,0.0
rdk_path_bit_0143,0.0,0.0
rdk_path_bit_0144,-0.0,0.0
rdk_path_bit_0145,0.0,0.0
rdk_path_bit_0146,-0.0,0.0
rdk_path_bit_0147,0.0,0.0
rdk_path_bit_0148,-0.0,0.0
rdk_path_bit_0149,-0.0,0.0
rdk_path_bit_0150,0.0,0.0
rdk_path_bit_0151,0.0,0.0
rdk_path_bit_0152,-0.0,0.0
rdk_path_bit_0153,-0.0,0.0
morgan_bit_0113,0.0,0.0
rdk_path_bit_0155,0.0,0.0
rdk_path_bit_0156,0.0,0.0
rdk_path_bit_0157,-0.0,0.0
rdk_path_bit_0158,-0.0,0.0
rdk_path_bit_0159,-0.0,0.0
rdk_path_bit_0160,0.0,0.0
rdk_path_bit_0161,0.0,0.0
rdk_path_bit_0162,0.0,0.0
rdk_path_bit_0163,0.0,0.0
rdk_path_bit_0164,0.0,0.0
rdk_path_bit_0165,-0.0,0.0
rdk_path_bit_0166,-0.0,0.0
morgan_bit_0115,0.0,0.0
rdk_path_bit_0168,0.0,0.0
rdk_path_bit_0169,-0.0,0.0
rdk_path_bit_0170,0.0,0.0
rdk_path_bit_0171,-0.0,0.0
rdk_path_bit_0172,0.0,0.0
rdk_path_bit_0173,0.0,0.0
morgan_bit_0116,0.0,0.0
rdk_path_bit_0175,-0.0,0.0
rdk_path_bit_0176,0.0,0.0
rdk_path_bit_0177,-0.0,0.0
rdk_path_bit_0178,0.0,0.0
rdk_path_bit_0179,-0.0,0.0
rdk_path_bit_0180,-0.0,0.0
rdk_path_bit_0181,0.0,0.0
rdk_path_bit_0182,0.0,0.0
rdk_path_bit_0183,-0.0,0.0
rdk_path_bit_0184,0.0,0.0
rdk_path_bit_0185,0.0,0.0
rdk_path_bit_0186,0.0,0.0
rdk_path_bit_0187,-0.0,0.0
rdk_path_bit_0188,0.0,0.0
morgan_bit_0117,-0.0,0.0
rdk_path_bit_0190,-0.0,0.0
rdk_path_bit_0191,0.0,0.0
rdk_path_bit_0192,0.0,0.0
rdk_path_bit_0193,0.0,0.0
rdk_path_bit_0194,-0.0,0.0
rdk_path_bit_0195,-0.0,0.0
rdk_path_bit_0196,0.0,0.0
rdk_path_bit_0197,-0.0,0.0
rdk_path_bit_0198,-0.0,0.0
rdk_path_bit_0199,-0.0,0.0
rdk_path_bit_0200,-0.0,0.0
morgan_bit_0118,-0.0,0.0
morgan_bit_0119,-0.0,0.0
rdk_path_bit_0203,0.0,0.0
rdk_path_bit_0204,0.0,0.0
rdk_path_bit_0205,-0.0,0.0
rdk_path_bit_0206,0.0,0.0
rdk_path_bit_0207,0.0,0.0
rdk_path_bit_0208,-0.0,0.0
rdk_path_bit_0209,-0.0,0.0
rdk_path_bit_0210,0.0,0.0
rdk_path_bit_0211,0.0,0.0
rdk_path_bit_0212,0.0,0.0
rdk_path_bit_0213,-0.0,0.0
rdk_path_bit_0214,0.0,0.0
morgan_bit_0120,0.0,0.0
rdk_path_bit_0216,0.0,0.0
rdk_path_bit_0217,-0.0,0.0
rdk_path_bit_0218,-0.0,0.0
rdk_path_bit_0219,-0.0,0.0
rdk_path_bit_0220,0.0,0.0
rdk_path_bit_0221,0.0,0.0
rdk_path_bit_0222,-0.0,0.0
rdk_path_bit_0223,0.0,0.0
rdk_path_bit_0224,0.0,0.0
rdk_path_bit_0225,0.0,0.0
rdk_path_bit_0226,0.0,0.0
morgan_bit_0121,0.0,0.0
rdk_path_bit_0228,0.0,0.0
rdk_path_bit_0229,-0.0,0.0
rdk_path_bit_0230,-0.0,0.0
rdk_path_bit_0231,-0.0,0.0
rdk_path_bit_0232,-0.0,0.0
rdk_path_bit_0233,-0.0,0.0
rdk_path_bit_0234,-0.0,0.0
morgan_bit_0122,0.0,0.0
rdk_path_bit_0236,-0.0,0.0
rdk_path_bit_0237,-0.0,0.0
rdk_path_bit_0238,-0.0,0.0
rdk_path_bit_0239,-0.0,0.0
morgan_bit_0123,-0.0,0.0
rdk_path_bit_0241,-0.0,0.0
rdk_path_bit_0242,0.0,0.0
rdk_path_bit_0243,0.0,0.0
morgan_bit_0124,0.0,0.0
rdk_path_bit_0245,-0.0,0.0
rdk_path_bit_0246,0.0,0.0
rdk_path_bit_0247,0.0,0.0
rdk_path_bit_0248,0.0,0.0
rdk_path_bit_0249,0.0,0.0
rdk_path_bit_0250,0.0,0.0
rdk_path_bit_0251,0.0,0.0
rdk_path_bit_0252,0.0,0.0
rdk_path_bit_0253,-0.0,0.0
rdk_path_bit_0254,0.0,0.0
morgan_bit_0125,0.0,0.0
morgan_bit_0126,0.0,0.0
rdk_path_bit_0257,-0.0,0.0
rdk_path_bit_0258,0.0,0.0
rdk_path_bit_0259,-0.0,0.0
rdk_path_bit_0260,0.0,0.0
rdk_path_bit_0261,-0.0,0.0
rdk_path_bit_0262,-0.0,0.0
rdk_path_bit_0263,0.0,0.0
rdk_path_bit_0264,0.0,0.0
rdk_path_bit_0265,-0.0,0.0
rdk_path_bit_0266,-0.0,0.0
morgan_bit_0127,-0.0,0.0
rdk_path_bit_0268,0.0,0.0
rdk_path_bit_0269,-0.0,0.0
rdk_path_bit_0270,-0.0,0.0
morgan_bit_0128,0.0,0.0
rdk_path_bit_0272,-0.0,0.0
rdk_path_bit_0273,-0.0,0.0
rdk_path_bit_0274,-0.0,0.0
rdk_path_bit_0275,-0.0,0.0
rdk_path_bit_0276,-0.0,0.0
rdk_path_bit_0277,-0.0,0.0
rdk_path_bit_0278,0.0,0.0
morgan_bit_0129,-0.0,0.0
rdk_path_bit_0280,-0.0,0.0
rdk_path_bit_0281,-0.0,0.0
morgan_bit_0130,0.0,0.0
rdk_path_bit_0283,0.0,0.0
rdk_path_bit_0284,-0.0,0.0
rdk_path_bit_0285,-0.0,0.0
rdk_path_bit_0286,-0.0,0.0
rdk_path_bit_0287,0.0,0.0
rdk_path_bit_0288,-0.0,0.0
rdk_path_bit_0289,-0.0,0.0
rdk_path_bit_0290,0.0,0.0
rdk_path_bit_0291,0.0,0.0
rdk_path_bit_0292,-0.0,0.0
rdk_path_bit_0293,-0.0,0.0
rdk_path_bit_0294,0.0,0.0
rdk_path_bit_0295,0.0,0.0
morgan_bit_0131,-0.0,0.0
rdk_path_bit_0297,-0.0,0.0
rdk_path_bit_0298,-0.0,0.0
rdk_path_bit_0299,-0.0,0.0
rdk_path_bit_0300,-0.0,0.0
rdk_path_bit_0301,-0.0,0.0
rdk_path_bit_0302,-0.0,0.0
rdk_path_bit_0303,-0.0,0.0
rdk_path_bit_0304,-0.0,0.0
rdk_path_bit_0305,-0.0,0.0
morgan_bit_0132,-0.0,0.0
rdk_path_bit_0307,-0.0,0.0
rdk_path_bit_0308,0.0,0.0
rdk_path_bit_0309,0.0,0.0
rdk_path_bit_0310,-0.0,0.0
rdk_path_bit_0311,0.0,0.0
rdk_path_bit_0312,-0.0,0.0
rdk_path_bit_0313,-0.0,0.0
rdk_path_bit_0314,0.0,0.0
rdk_path_bit_0315,-0.0,0.0
rdk_path_bit_0316,0.0,0.0
rdk_path_bit_0317,-0.0,0.0
rdk_path_bit_0318,0.0,0.0
rdk_path_bit_0319,-0.0,0.0
rdk_path_bit_0320,0.0,0.0
rdk_path_bit_0321,-0.0,0.0
rdk_path_bit_0322,0.0,0.0
rdk_path_bit_0323,0.0,0.0
rdk_path_bit_0324,-0.0,0.0
rdk_path_bit_0325,-0.0,0.0
rdk_path_bit_0326,0.0,0.0
rdk_path_bit_0327,0.0,0.0
rdk_path_bit_0328,-0.0,0.0
rdk_path_bit_0329,-0.0,0.0
rdk_path_bit_0330,0.0,0.0
rdk_path_bit_0331,-0.0,0.0
rdk_path_bit_0332,-0.0,0.0
rdk_path_bit_0333,-0.0,0.0
rdk_path_bit_0334,-0.0,0.0
morgan_bit_0133,0.0,0.0
rdk_path_bit_0336,-0.0,0.0
rdk_path_bit_0337,0.0,0.0
rdk_path_bit_0338,0.0,0.0
rdk_path_bit_0339,0.0,0.0
rdk_path_bit_0340,0.0,0.0
rdk_path_bit_0341,0.0,0.0
morgan_bit_0134,-0.0,0.0
rdk_path_bit_0343,0.0,0.0
morgan_bit_0135,-0.0,0.0
rdk_path_bit_0345,-0.0,0.0
rdk_path_bit_0346,0.0,0.0
rdk_path_bit_0347,-0.0,0.0
rdk_path_bit_0348,0.0,0.0
rdk_path_bit_0349,0.0,0.0
rdk_path_bit_0350,0.0,0.0
rdk_path_bit_0351,-0.0,0.0
rdk_path_bit_0352,-0.0,0.0
rdk_path_bit_0353,0.0,0.0
rdk_path_bit_0354,-0.0,0.0
rdk_path_bit_0355,-0.0,0.0
rdk_path_bit_0356,-0.0,0.0
morgan_bit_0136,0.0,0.0
morgan_bit_0137,0.0,0.0
rdk_path_bit_0359,0.0,0.0
rdk_path_bit_0360,0.0,0.0
morgan_bit_0138,-0.0,0.0
rdk_path_bit_0362,-0.0,0.0
rdk_path_bit_0363,0.0,0.0
rdk_path_bit_0364,-0.0,0.0
rdk_path_bit_0365,-0.0,0.0
rdk_path_bit_0366,-0.0,0.0
rdk_path_bit_0367,0.0,0.0
rdk_path_bit_0368,-0.0,0.0
rdk_path_bit_0369,-0.0,0.0
rdk_path_bit_0370,0.0,0.0
morgan_bit_0139,-0.0,0.0
rdk_path_bit_0372,0.0,0.0
rdk_path_bit_0373,0.0,0.0
rdk_path_bit_0374,0.0,0.0
rdk_path_bit_0375,0.0,0.0
morgan_bit_0140,-0.0,0.0
rdk_path_bit_0377,0.0,0.0
rdk_path_bit_0378,-0.0,0.0
morgan_bit_0141,0.0,0.0
rdk_path_bit_0380,0.0,0.0
rdk_path_bit_0381,0.0,0.0
rdk_path_bit_0382,0.0,0.0
rdk_path_bit_0383,0.0,0.0
rdk_path_bit_0384,0.0,0.0
rdk_path_bit_0385,0.0,0.0
rdk_path_bit_0386,0.0,0.0
morgan_bit_0142,-0.0,0.0
rdk_path_bit_0388,0.0,0.0
rdk_path_bit_0389,-0.0,0.0
rdk_path_bit_0390,0.0,0.0
rdk_path_bit_0391,0.0,0.0
rdk_path_bit_0392,0.0,0.0
rdk_path_bit_0393,-0.0,0.0
rdk_path_bit_0394,-0.0,0.0
rdk_path_bit_0395,0.0,0.0
rdk_path_bit_0396,-0.0,0.0
rdk_path_bit_0397,0.0,0.0
rdk_path_bit_0398,0.0,0.0
morgan_bit_0143,0.0,0.0
rdk_path_bit_0400,-0.0,0.0
rdk_path_bit_0401,-0.0,0.0
rdk_path_bit_0402,-0.0,0.0
rdk_path_bit_0403,-0.0,0.0
rdk_path_bit_0404,0.0,0.0
rdk_path_bit_0405,-0.0,0.0
rdk_path_bit_0406,-0.0,0.0
rdk_path_bit_0407,0.0,0.0
rdk_path_bit_0408,-0.0,0.0
rdk_path_bit_0409,0.0,0.0
rdk_path_bit_0410,-0.0,0.0
rdk_path_bit_0411,0.0,0.0
morgan_bit_0144,-0.0,0.0
rdk_path_bit_0413,-0.0,0.0
morgan_bit_0145,0.0,0.0
rdk_path_bit_0415,0.0,0.0
rdk_path_bit_0416,-0.0,0.0
morgan_bit_0146,-0.0,0.0
rdk_path_bit_0418,0.0,0.0
rdk_path_bit_0419,-0.0,0.0
rdk_path_bit_0420,-0.0,0.0
rdk_path_bit_0421,0.0,0.0
morgan_bit_0147,-0.0,0.0
rdk_path_bit_0423,0.0,0.0
rdk_path_bit_0424,-0.0,0.0
rdk_path_bit_0425,-0.0,0.0
rdk_path_bit_0426,0.0,0.0
rdk_path_bit_0427,0.0,0.0
rdk_path_bit_0428,-0.0,0.0
rdk_path_bit_0429,-0.0,0.0
rdk_path_bit_0430,0.0,0.0
rdk_path_bit_0431,-0.0,0.0
rdk_path_bit_0432,0.0,0.0
rdk_path_bit_0433,-0.0,0.0
rdk_path_bit_0434,-0.0,0.0
rdk_path_bit_0435,0.0,0.0
rdk_path_bit_0436,-0.0,0.0
rdk_path_bit_0437,0.0,0.0
rdk_path_bit_0438,0.0,0.0
rdk_path_bit_0439,-0.0,0.0
rdk_path_bit_0440,-0.0,0.0
rdk_path_bit_0441,0.0,0.0
rdk_path_bit_0442,-0.0,0.0
rdk_path_bit_0443,-0.0,0.0
rdk_path_bit_0444,-0.0,0.0
rdk_path_bit_0445,-0.0,0.0
rdk_path_bit_0446,-0.0,0.0
rdk_path_bit_0447,0.0,0.0
morgan_bit_0148,0.0,0.0
rdk_path_bit_0449,0.0,0.0
rdk_path_bit_0450,-0.0,0.0
rdk_path_bit_0451,0.0,0.0
rdk_path_bit_0452,-0.0,0.0
rdk_path_bit_0453,-0.0,0.0
rdk_path_bit_0454,0.0,0.0
rdk_path_bit_0455,-0.0,0.0
morgan_bit_0149,0.0,0.0
morgan_bit_0150,-0.0,0.0
rdk_path_bit_0458,-0.0,0.0
morgan_bit_0151,-0.0,0.0
rdk_path_bit_0460,-0.0,0.0
morgan_bit_0152,-0.0,0.0
morgan_bit_0153,0.0,0.0
rdk_path_bit_0463,0.0,0.0
rdk_path_bit_0464,-0.0,0.0
rdk_path_bit_0465,-0.0,0.0
rdk_path_bit_0466,0.0,0.0
rdk_path_bit_0467,-0.0,0.0
rdk_path_bit_0468,0.0,0.0
rdk_path_bit_0469,0.0,0.0
rdk_path_bit_0470,-0.0,0.0
morgan_bit_0154,-0.0,0.0
rdk_path_bit_0472,0.0,0.0
rdk_path_bit_0473,-0.0,0.0
rdk_path_bit_0474,-0.0,0.0
rdk_path_bit_0475,0.0,0.0
rdk_path_bit_0476,0.0,0.0
rdk_path_bit_0477,-0.0,0.0
rdk_path_bit_0478,-0.0,0.0
rdk_path_bit_0479,0.0,0.0
rdk_path_bit_0480,-0.0,0.0
rdk_path_bit_0481,-0.0,0.0
rdk_path_bit_0482,-0.0,0.0
rdk_path_bit_0483,-0.0,0.0
rdk_path_bit_0484,-0.0,0.0
rdk_path_bit_0485,0.0,0.0
rdk_path_bit_0486,0.0,0.0
rdk_path_bit_0487,0.0,0.0
rdk_path_bit_0488,-0.0,0.0
rdk_path_bit_0489,-0.0,0.0
rdk_path_bit_0490,-0.0,0.0
rdk_path_bit_0491,0.0,0.0
rdk_path_bit_0492,-0.0,0.0
rdk_path_bit_0493,-0.0,0.0
rdk_path_bit_0494,-0.0,0.0
rdk_path_bit_0495,0.0,0.0
rdk_path_bit_0496,0.0,0.0
rdk_path_bit_0497,0.0,0.0
rdk_path_bit_0498,0.0,0.0
rdk_path_bit_0499,-0.0,0.0
rdk_path_bit_0500,0.0,0.0
rdk_path_bit_0501,0.0,0.0
rdk_path_bit_0502,-0.0,0.0
morgan_bit_0155,-0.0,0.0
morgan_bit_0156,-0.0,0.0
rdk_path_bit_0505,-0.0,0.0
rdk_path_bit_0506,-0.0,0.0
rdk_path_bit_0507,0.0,0.0
rdk_path_bit_0508,-0.0,0.0
rdk_path_bit_0509,0.0,0.0
rdk_path_bit_0510,0.0,0.0
rdk_path_bit_0511,0.0,0.0
rdk_path_bit_0512,0.0,0.0
rdk_path_bit_0513,0.0,0.0
morgan_bit_0157,0.0,0.0
rdk_path_bit_0515,-0.0,0.0
rdk_path_bit_0516,0.0,0.0
rdk_path_bit_0517,-0.0,0.0
rdk_path_bit_0518,-0.0,0.0
rdk_path_bit_0519,-0.0,0.0
rdk_path_bit_0520,0.0,0.0
rdk_path_bit_0521,0.0,0.0
rdk_path_bit_0522,-0.0,0.0
morgan_bit_0158,0.0,0.0
morgan_bit_0160,0.0,0.0
rdk_path_bit_0525,0.0,0.0
rdk_path_bit_0526,0.0,0.0
rdk_path_bit_0527,-0.0,0.0
rdk_path_bit_0528,0.0,0.0
rdk_path_bit_0529,0.0,0.0
rdk_path_bit_0530,-0.0,0.0
rdk_path_bit_0531,-0.0,0.0
rdk_path_bit_0532,-0.0,0.0
rdk_path_bit_0533,0.0,0.0
rdk_path_bit_0534,-0.0,0.0
rdk_path_bit_0535,0.0,0.0
rdk_path_bit_0536,-0.0,0.0
rdk_path_bit_0537,-0.0,0.0
rdk_path_bit_0538,0.0,0.0
rdk_path_bit_0539,-0.0,0.0
rdk_path_bit_0540,0.0,0.0
rdk_path_bit_0541,0.0,0.0
rdk_path_bit_0542,0.0,0.0
rdk_path_bit_0543,-0.0,0.0
rdk_path_bit_0544,0.0,0.0
rdk_path_bit_0545,0.0,0.0
rdk_path_bit_0546,0.0,0.0
rdk_path_bit_0547,0.0,0.0
rdk_path_bit_0548,0.0,0.0
rdk_path_bit_0549,-0.0,0.0
rdk_path_bit_0550,-0.0,0.0
rdk_path_bit_0551,-0.0,0.0
rdk_path_bit_0552,0.0,0.0
rdk_path_bit_0553,0.0,0.0
rdk_path_bit_0554,-0.0,0.0
rdk_path_bit_0555,0.0,0.0
rdk_path_bit_0556,0.0,0.0
rdk_path_bit_0557,0.0,0.0
rdk_path_bit_0558,-0.0,0.0
rdk_path_bit_0559,-0.0,0.0
rdk_path_bit_0560,0.0,0.0
rdk_path_bit_0561,-0.0,0.0
rdk_path_bit_0562,0.0,0.0
morgan_bit_0161,0.0,0.0
rdk_path_bit_0564,-0.0,0.0
rdk_path_bit_0565,-0.0,0.0
morgan_bit_0162,0.0,0.0
rdk_path_bit_0567,0.0,0.0
rdk_path_bit_0568,0.0,0.0
rdk_path_bit_0569,0.0,0.0
rdk_path_bit_0570,0.0,0.0
rdk_path_bit_0571,0.0,0.0
rdk_path_bit_0572,-0.0,0.0
rdk_path_bit_0573,-0.0,0.0
rdk_path_bit_0574,0.0,0.0
rdk_path_bit_0575,-0.0,0.0
rdk_path_bit_0576,-0.0,0.0
morgan_bit_0163,-0.0,0.0
rdk_path_bit_0578,0.0,0.0
rdk_path_bit_0579,0.0,0.0
rdk_path_bit_0580,0.0,0.0
rdk_path_bit_0581,0.0,0.0
rdk_path_bit_0582,0.0,0.0
rdk_path_bit_0583,-0.0,0.0
rdk_path_bit_0584,0.0,0.0
rdk_path_bit_0585,-0.0,0.0
rdk_path_bit_0586,-0.0,0.0
rdk_path_bit_0587,0.0,0.0
rdk_path_bit_0588,-0.0,0.0
rdk_path_bit_0589,-0.0,0.0
rdk_path_bit_0590,0.0,0.0
rdk_path_bit_0591,0.0,0.0
rdk_path_bit_0592,-0.0,0.0
rdk_path_bit_0593,-0.0,0.0
rdk_path_bit_0594,0.0,0.0
rdk_path_bit_0595,-0.0,0.0
rdk_path_bit_0596,-0.0,0.0
rdk_path_bit_0597,-0.0,0.0
rdk_path_bit_0598,-0.0,0.0
rdk_path_bit_0599,-0.0,0.0
rdk_path_bit_0600,-0.0,0.0
rdk_path_bit_0601,0.0,0.0
rdk_path_bit_0602,-0.0,0.0
rdk_path_bit_0603,0.0,0.0
rdk_path_bit_0604,-0.0,0.0
rdk_path_bit_0605,-0.0,0.0
rdk_path_bit_0606,0.0,0.0
rdk_path_bit_0607,0.0,0.0
rdk_path_bit_0608,-0.0,0.0
rdk_path_bit_0609,-0.0,0.0
morgan_bit_0164,0.0,0.0
rdk_path_bit_0611,-0.0,0.0
rdk_path_bit_0612,0.0,0.0
rdk_path_bit_0613,-0.0,0.0
rdk_path_bit_0614,-0.0,0.0
rdk_path_bit_0615,0.0,0.0
rdk_path_bit_0616,0.0,0.0
rdk_path_bit_0617,0.0,0.0
rdk_path_bit_0618,0.0,0.0
rdk_path_bit_0619,0.0,0.0
rdk_path_bit_0620,0.0,0.0
morgan_bit_0165,0.0,0.0
rdk_path_bit_0622,-0.0,0.0
rdk_path_bit_0623,-0.0,0.0
rdk_path_bit_0624,-0.0,0.0
rdk_path_bit_0625,0.0,0.0
rdk_path_bit_0626,0.0,0.0
rdk_path_bit_0627,-0.0,0.0
rdk_path_bit_0628,-0.0,0.0
rdk_path_bit_0629,-0.0,0.0
rdk_path_bit_0630,0.0,0.0
rdk_path_bit_0631,0.0,0.0
rdk_path_bit_0632,0.0,0.0
morgan_bit_0166,-0.0,0.0
rdk_path_bit_0634,0.0,0.0
rdk_path_bit_0635,0.0,0.0
rdk_path_bit_0636,0.0,0.0
rdk_path_bit_0637,-0.0,0.0
rdk_path_bit_0638,0.0,0.0
morgan_bit_0168,0.0,0.0
rdk_path_bit_0640,0.0,0.0
rdk_path_bit_0641,0.0,0.0
rdk_path_bit_0642,0.0,0.0
rdk_path_bit_0643,0.0,0.0
rdk_path_bit_0644,0.0,0.0
rdk_path_bit_0645,-0.0,0.0
rdk_path_bit_0646,-0.0,0.0
rdk_path_bit_0647,-0.0,0.0
rdk_path_bit_0648,-0.0,0.0
rdk_path_bit_0649,-0.0,0.0
morgan_bit_0169,0.0,0.0
rdk_path_bit_0651,-0.0,0.0
rdk_path_bit_0652,0.0,0.0
rdk_path_bit_0653,0.0,0.0
rdk_path_bit_0654,0.0,0.0
rdk_path_bit_0655,0.0,0.0
rdk_path_bit_0656,0.0,0.0
rdk_path_bit_0657,-0.0,0.0
rdk_path_bit_0658,-0.0,0.0
rdk_path_bit_0659,-0.0,0.0
rdk_path_bit_0660,0.0,0.0
rdk_path_bit_0661,0.0,0.0
rdk_path_bit_0662,-0.0,0.0
rdk_path_bit_0663,0.0,0.0
rdk_path_bit_0664,0.0,0.0
rdk_path_bit_0665,0.0,0.0
rdk_path_bit_0666,-0.0,0.0
rdk_path_bit_0667,-0.0,0.0
rdk_path_bit_0668,0.0,0.0
rdk_path_bit_0669,-0.0,0.0
rdk_path_bit_0670,0.0,0.0
rdk_path_bit_0671,-0.0,0.0
rdk_path_bit_0672,-0.0,0.0
rdk_path_bit_0673,-0.0,0.0
rdk_path_bit_0674,0.0,0.0
rdk_path_bit_0675,0.0,0.0
rdk_path_bit_0676,0.0,0.0
rdk_path_bit_0677,-0.0,0.0
rdk_path_bit_0678,-0.0,0.0
rdk_path_bit_0679,-0.0,0.0
rdk_path_bit_0680,0.0,0.0
rdk_path_bit_0681,0.0,0.0
morgan_bit_0170,0.0,0.0
rdk_path_bit_0683,0.0,0.0
rdk_path_bit_0684,-0.0,0.0
rdk_path_bit_0685,0.0,0.0
morgan_bit_0172,-0.0,0.0
rdk_path_bit_0687,-0.0,0.0
rdk_path_bit_0688,-0.0,0.0
rdk_path_bit_0689,-0.0,0.0
rdk_path_bit_0690,0.0,0.0
rdk_path_bit_0691,-0.0,0.0
rdk_path_bit_0692,0.0,0.0
rdk_path_bit_0693,0.0,0.0
rdk_path_bit_0694,-0.0,0.0
rdk_path_bit_0695,-0.0,0.0
rdk_path_bit_0696,0.0,0.0
rdk_path_bit_0697,-0.0,0.0
rdk_path_bit_0698,0.0,0.0
rdk_path_bit_0699,0.0,0.0
rdk_path_bit_0700,-0.0,0.0
rdk_path_bit_0701,0.0,0.0
rdk_path_bit_0702,-0.0,0.0
rdk_path_bit_0703,0.0,0.0
rdk_path_bit_0704,-0.0,0.0
rdk_path_bit_0705,0.0,0.0
morgan_bit_0173,0.0,0.0
rdk_path_bit_0707,0.0,0.0
rdk_path_bit_0708,-0.0,0.0
rdk_path_bit_0709,-0.0,0.0
rdk_path_bit_0710,-0.0,0.0
rdk_path_bit_0711,0.0,0.0
rdk_path_bit_0712,0.0,0.0
rdk_path_bit_0713,0.0,0.0
morgan_bit_0174,-0.0,0.0
rdk_path_bit_0715,-0.0,0.0
rdk_path_bit_0716,-0.0,0.0
morgan_bit_0175,-0.0,0.0
rdk_path_bit_0718,-0.0,0.0
morgan_bit_0177,0.0,0.0
morgan_bit_0178,0.0,0.0
rdk_path_bit_0721,0.0,0.0
rdk_path_bit_0722,0.0,0.0
rdk_path_bit_0723,-0.0,0.0
rdk_path_bit_0724,-0.0,0.0
rdk_path_bit_0725,0.0,0.0
rdk_path_bit_0726,0.0,0.0
rdk_path_bit_0727,0.0,0.0
rdk_path_bit_0728,-0.0,0.0
morgan_bit_0179,-0.0,0.0
morgan_bit_0180,-0.0,0.0
rdk_path_bit_0731,0.0,0.0
rdk_path_bit_0732,0.0,0.0
rdk_path_bit_0733,0.0,0.0
rdk_path_bit_0734,0.0,0.0
morgan_bit_0181,0.0,0.0
morgan_bit_0182,0.0,0.0
rdk_path_bit_0737,0.0,0.0
morgan_bit_0183,0.0,0.0
rdk_path_bit_0739,-0.0,0.0
rdk_path_bit_0740,-0.0,0.0
rdk_path_bit_0741,0.0,0.0
rdk_path_bit_0742,0.0,0.0
rdk_path_bit_0743,-0.0,0.0
rdk_path_bit_0744,-0.0,0.0
rdk_path_bit_0745,0.0,0.0
rdk_path_bit_0746,-0.0,0.0
morgan_bit_0184,-0.0,0.0
rdk_path_bit_0748,-0.0,0.0
rdk_path_bit_0749,0.0,0.0
rdk_path_bit_0750,-0.0,0.0
rdk_path_bit_0751,0.0,0.0
rdk_path_bit_0752,-0.0,0.0
morgan_bit_0185,0.0,0.0
rdk_path_bit_0754,0.0,0.0
rdk_path_bit_0755,-0.0,0.0
rdk_path_bit_0756,-0.0,0.0
rdk_path_bit_0757,0.0,0.0
rdk_path_bit_0758,-0.0,0.0
rdk_path_bit_0759,-0.0,0.0
morgan_bit_0186,-0.0,0.0
rdk_path_bit_0761,0.0,0.0
rdk_path_bit_0762,-0.0,0.0
rdk_path_bit_0763,-0.0,0.0
rdk_path_bit_0764,0.0,0.0
rdk_path_bit_0765,0.0,0.0
rdk_path_bit_0766,-0.0,0.0
rdk_path_bit_0767,-0.0,0.0
rdk_path_bit_0768,-0.0,0.0
morgan_bit_0188,-0.0,0.0
rdk_path_bit_0770,0.0,0.0
rdk_path_bit_0771,-0.0,0.0
morgan_bit_0189,0.0,0.0
morgan_bit_0190,0.0,0.0
rdk_path_bit_0774,-0.0,0.0
rdk_path_bit_0775,-0.0,0.0
rdk_path_bit_0776,-0.0,0.0
rdk_path_bit_0777,-0.0,0.0
rdk_path_bit_0778,-0.0,0.0
rdk_path_bit_0779,-0.0,0.0
rdk_path_bit_0780,0.0,0.0
rdk_path_bit_0781,-0.0,0.0
rdk_path_bit_0782,0.0,0.0
rdk_path_bit_0783,0.0,0.0
rdk_path_bit_0784,0.0,0.0
rdk_path_bit_0785,0.0,0.0
rdk_path_bit_0786,0.0,0.0
rdk_path_bit_0787,0.0,0.0
rdk_path_bit_0788,0.0,0.0
rdk_path_bit_0789,-0.0,0.0
rdk_path_bit_0790,0.0,0.0
rdk_path_bit_0791,-0.0,0.0
rdk_path_bit_0792,0.0,0.0
morgan_bit_0191,0.0,0.0
rdk_path_bit_0794,0.0,0.0
morgan_bit_0192,-0.0,0.0
rdk_path_bit_0796,-0.0,0.0
rdk_path_bit_0797,0.0,0.0
rdk_path_bit_0798,-0.0,0.0
morgan_bit_0193,-0.0,0.0
morgan_bit_0194,0.0,0.0
rdk_path_bit_0801,-0.0,0.0
morgan_bit_0195,0.0,0.0
rdk_path_bit_0803,0.0,0.0
rdk_path_bit_0804,0.0,0.0
rdk_path_bit_0805,-0.0,0.0
rdk_path_bit_0806,-0.0,0.0
rdk_path_bit_0807,0.0,0.0
rdk_path_bit_0808,0.0,0.0
rdk_path_bit_0809,0.0,0.0
rdk_path_bit_0810,0.0,0.0
morgan_bit_0196,0.0,0.0
morgan_bit_0197,0.0,0.0
rdk_path_bit_0813,0.0,0.0
rdk_path_bit_0814,0.0,0.0
rdk_path_bit_0815,0.0,0.0
rdk_path_bit_0816,0.0,0.0
rdk_path_bit_0817,0.0,0.0
rdk_path_bit_0818,0.0,0.0
rdk_path_bit_0819,0.0,0.0
rdk_path_bit_0820,0.0,0.0
rdk_path_bit_0821,-0.0,0.0
rdk_path_bit_0822,-0.0,0.0
rdk_path_bit_0823,-0.0,0.0
rdk_path_bit_0824,0.0,0.0
rdk_path_bit_0825,0.0,0.0
rdk_path_bit_0826,-0.0,0.0
rdk_path_bit_0827,-0.0,0.0
rdk_path_bit_0828,-0.0,0.0
rdk_path_bit_0829,-0.0,0.0
rdk_path_bit_0830,0.0,0.0
rdk_path_bit_0831,-0.0,0.0
rdk_path_bit_0832,0.0,0.0
rdk_path_bit_0833,0.0,0.0
rdk_path_bit_0834,0.0,0.0
rdk_path_bit_0835,0.0,0.0
rdk_path_bit_0836,0.0,0.0
rdk_path_bit_0837,-0.0,0.0
rdk_path_bit_0838,-0.0,0.0
rdk_path_bit_0839,0.0,0.0
rdk_path_bit_0840,-0.0,0.0
rdk_path_bit_0841,-0.0,0.0
rdk_path_bit_0842,0.0,0.0
rdk_path_bit_0843,-0.0,0.0
rdk_path_bit_0844,-0.0,0.0
rdk_path_bit_0845,-0.0,0.0
rdk_path_bit_0846,0.0,0.0
rdk_path_bit_0847,-0.0,0.0
rdk_path_bit_0848,0.0,0.0
rdk_path_bit_0849,-0.0,0.0
rdk_path_bit_0850,0.0,0.0
rdk_path_bit_0851,0.0,0.0
rdk_path_bit_0852,0.0,0.0
rdk_path_bit_0853,-0.0,0.0
rdk_path_bit_0854,0.0,0.0
rdk_path_bit_0855,0.0,0.0
rdk_path_bit_0856,-0.0,0.0
rdk_path_bit_0857,0.0,0.0
rdk_path_bit_0858,0.0,0.0
rdk_path_bit_0859,-0.0,0.0
rdk_path_bit_0860,0.0,0.0
rdk_path_bit_0861,0.0,0.0
rdk_path_bit_0862,0.0,0.0
rdk_path_bit_0863,0.0,0.0
rdk_path_bit_0864,-0.0,0.0
rdk_path_bit_0865,0.0,0.0
rdk_path_bit_0866,0.0,0.0
rdk_path_bit_0867,0.0,0.0
rdk_path_bit_0868,0.0,0.0
rdk_path_bit_0869,-0.0,0.0
rdk_path_bit_0870,0.0,0.0
rdk_path_bit_0871,0.0,0.0
rdk_path_bit_0872,0.0,0.0
rdk_path_bit_0873,0.0,0.0
morgan_bit_0198,0.0,0.0
rdk_path_bit_0875,-0.0,0.0
rdk_path_bit_0876,-0.0,0.0
rdk_path_bit_0877,0.0,0.0
rdk_path_bit_0878,-0.0,0.0
rdk_path_bit_0879,0.0,0.0
rdk_path_bit_0880,-0.0,0.0
rdk_path_bit_0881,0.0,0.0
rdk_path_bit_0882,0.0,0.0
morgan_bit_0199,0.0,0.0
rdk_path_bit_0884,0.0,0.0
rdk_path_bit_0885,0.0,0.0
rdk_path_bit_0886,-0.0,0.0
rdk_path_bit_0887,0.0,0.0
rdk_path_bit_0888,-0.0,0.0
rdk_path_bit_0889,0.0,0.0
rdk_path_bit_0890,-0.0,0.0
rdk_path_bit_0891,-0.0,0.0
rdk_path_bit_0892,-0.0,0.0
morgan_bit_0200,-0.0,0.0
rdk_path_bit_0894,0.0,0.0
morgan_bit_0201,-0.0,0.0
rdk_path_bit_0896,-0.0,0.0
rdk_path_bit_0897,0.0,0.0
rdk_path_bit_0898,0.0,0.0
morgan_bit_0202,-0.0,0.0
rdk_path_bit_0900,0.0,0.0
rdk_path_bit_0901,0.0,0.0
rdk_path_bit_0902,-0.0,0.0
rdk_path_bit_0903,0.0,0.0
rdk_path_bit_0904,0.0,0.0
rdk_path_bit_0905,0.0,0.0
rdk_path_bit_0906,0.0,0.0
rdk_path_bit_0907,-0.0,0.0
rdk_path_bit_0908,0.0,0.0
rdk_path_bit_0909,0.0,0.0
rdk_path_bit_0910,-0.0,0.0
rdk_path_bit_0911,0.0,0.0
rdk_path_bit_0912,-0.0,0.0
rdk_path_bit_0913,-0.0,0.0
rdk_path_bit_0914,-0.0,0.0
rdk_path_bit_0915,-0.0,0.0
rdk_path_bit_0916,-0.0,0.0
rdk_path_bit_0917,-0.0,0.0
rdk_path_bit_0918,-0.0,0.0
rdk_path_bit_0919,-0.0,0.0
rdk_path_bit_0920,-0.0,0.0
rdk_path_bit_0921,-0.0,0.0
rdk_path_bit_0922,-0.0,0.0
morgan_bit_0203,0.0,0.0
morgan_bit_0204,0.0,0.0
rdk_path_bit_0925,-0.0,0.0
rdk_path_bit_0926,-0.0,0.0
rdk_path_bit_0927,0.0,0.0
rdk_path_bit_0928,0.0,0.0
rdk_path_bit_0929,0.0,0.0
rdk_path_bit_0930,0.0,0.0
rdk_path_bit_0931,0.0,0.0
morgan_bit_0205,-0.0,0.0
morgan_bit_0206,0.0,0.0
rdk_path_bit_0934,0.0,0.0
rdk_path_bit_0935,0.0,0.0
rdk_path_bit_0936,-0.0,0.0
morgan_bit_0207,-0.0,0.0
rdk_path_bit_0938,-0.0,0.0
rdk_path_bit_0939,-0.0,0.0
rdk_path_bit_0940,0.0,0.0
rdk_path_bit_0941,0.0,0.0
rdk_path_bit_0942,-0.0,0.0
rdk_path_bit_0943,0.0,0.0
morgan_bit_0208,0.0,0.0
morgan_bit_0209,-0.0,0.0
morgan_bit_0210,-0.0,0.0
rdk_path_bit_0947,-0.0,0.0
rdk_path_bit_0948,-0.0,0.0
rdk_path_bit_0949,0.0,0.0
rdk_path_bit_0950,0.0,0.0
rdk_path_bit_0951,0.0,0.0
rdk_path_bit_0952,0.0,0.0
rdk_path_bit_0953,-0.0,0.0
rdk_path_bit_0954,0.0,0.0
rdk_path_bit_0955,0.0,0.0
rdk_path_bit_0956,-0.0,0.0
morgan_bit_0211,-0.0,0.0
rdk_path_bit_0958,0.0,0.0
rdk_path_bit_0959,-0.0,0.0
rdk_path_bit_0960,-0.0,0.0
rdk_path_bit_0961,0.0,0.0
rdk_path_bit_0962,0.0,0.0
rdk_path_bit_0963,0.0,0.0
rdk_path_bit_0964,-0.0,0.0
rdk_path_bit_0965,-0.0,0.0
rdk_path_bit_0966,0.0,0.0
rdk_path_bit_0967,0.0,0.0
rdk_path_bit_0968,0.0,0.0
rdk_path_bit_0969,-0.0,0.0
rdk_path_bit_0970,-0.0,0.0
rdk_path_bit_0971,-0.0,0.0
rdk_path_bit_0972,-0.0,0.0
rdk_path_bit_0973,-0.0,0.0
rdk_path_bit_0974,0.0,0.0
morgan_bit_0212,0.0,0.0
rdk_path_bit_0976,-0.0,0.0
rdk_path_bit_0977,0.0,0.0
rdk_path_bit_0978,-0.0,0.0
rdk_path_bit_0979,0.0,0.0
rdk_path_bit_0980,-0.0,0.0
rdk_path_bit_0981,-0.0,0.0
rdk_path_bit_0982,0.0,0.0
morgan_bit_0213,-0.0,0.0
morgan_bit_0214,-0.0,0.0
morgan_bit_0215,0.0,0.0
rdk_path_bit_0986,0.0,0.0
rdk_path_bit_0987,0.0,0.0
morgan_bit_0216,0.0,0.0
morgan_bit_0217,0.0,0.0
rdk_path_bit_0990,-0.0,0.0
morgan_bit_0218,0.0,0.0
rdk_path_bit_0992,0.0,0.0
rdk_path_bit_0993,0.0,0.0
rdk_path_bit_0994,-0.0,0.0
rdk_path_bit_0995,0.0,0.0
rdk_path_bit_0996,-0.0,0.0
rdk_path_bit_0997,0.0,0.0
rdk_path_bit_0998,-0.0,0.0
rdk_path_bit_0999,0.0,0.0
rdk_path_bit_1000,0.0,0.0
rdk_path_bit_1001,0.0,0.0
rdk_path_bit_1002,0.0,0.0
rdk_path_bit_1003,-0.0,0.0
rdk_path_bit_1004,0.0,0.0
rdk_path_bit_1005,-0.0,0.0
rdk_path_bit_1006,-0.0,0.0
rdk_path_bit_1007,0.0,0.0
rdk_path_bit_1008,-0.0,0.0
rdk_path_bit_1009,-0.0,0.0
rdk_path_bit_1010,0.0,0.0
rdk_path_bit_1011,-0.0,0.0
rdk_path_bit_1012,0.0,0.0
rdk_path_bit_1013,0.0,0.0
rdk_path_bit_1014,0.0,0.0
rdk_path_bit_1015,-0.0,0.0
rdk_path_bit_1016,-0.0,0.0
rdk_path_bit_1017,-0.0,0.0
rdk_path_bit_1018,0.0,0.0
rdk_path_bit_1019,-0.0,0.0
rdk_path_bit_1020,-0.0,0.0
rdk_path_bit_1021,-0.0,0.0
rdk_path_bit_1022,-0.0,0.0
rdk_path_bit_1023,0.0,0.0
maccs_bit_008,-0.0,0.0
maccs_bit_011,-0.0,0.0
maccs_bit_013,0.0,0.0
morgan_bit_0219,0.0,0.0
maccs_bit_019,-0.0,0.0
maccs_bit_022,0.0,0.0
maccs_bit_023,0.0,0.0
maccs_bit_024,0.0,0.0
maccs_bit_025,-0.0,0.0
maccs_bit_026,0.0,0.0
maccs_bit_028,-0.0,0.0
maccs_bit_032,-0.0,0.0
maccs_bit_033,-0.0,0.0
maccs_bit_036,0.0,0.0
morgan_bit_0220,0.0,0.0
maccs_bit_038,-0.0,0.0
maccs_bit_040,-0.0,0.0
maccs_bit_041,0.0,0.0
maccs_bit_042,0.0,0.0
maccs_bit_043,-0.0,0.0
morgan_bit_0221,-0.0,0.0
maccs_bit_046,0.0,0.0
maccs_bit_047,0.0,0.0
morgan_bit_0222,-0.0,0.0
maccs_bit_050,0.0,0.0
maccs_bit_051,-0.0,0.0
maccs_bit_052,-0.0,0.0
maccs_bit_053,0.0,0.0
maccs_bit_054,0.0,0.0
maccs_bit_055,-0.0,0.0
maccs_bit_056,0.0,0.0
maccs_bit_057,0.0,0.0
maccs_bit_058,-0.0,0.0
maccs_bit_059,-0.0,0.0
maccs_bit_060,-0.0,0.0
maccs_bit_061,-0.0,0.0
maccs_bit_062,0.0,0.0
maccs_bit_064,-0.0,0.0
maccs_bit_065,0.0,0.0
maccs_bit_066,0.0,0.0
maccs_bit_067,-0.0,0.0
morgan_bit_0223,-0.0,0.0
maccs_bit_070,-0.0,0.0
maccs_bit_071,0.0,0.0
maccs_bit_072,-0.0,0.0
maccs_bit_073,-0.0,0.0
maccs_bit_074,-0.0,0.0
maccs_bit_075,-0.0,0.0
maccs_bit_076,0.0,0.0
maccs_bit_077,-0.0,0.0
morgan_bit_0224,-0.0,0.0
maccs_bit_079,0.0,0.0
maccs_bit_080,0.0,0.0
maccs_bit_081,0.0,0.0
maccs_bit_082,-0.0,0.0
maccs_bit_083,0.0,0.0
maccs_bit_084,-0.0,0.0
maccs_bit_085,-0.0,0.0
maccs_bit_086,-0.0,0.0
maccs_bit_087,0.0,0.0
maccs_bit_088,0.0,0.0
maccs_bit_089,-0.0,0.0
maccs_bit_090,-0.0,0.0
maccs_bit_091,0.0,0.0
maccs_bit_092,-0.0,0.0
maccs_bit_093,-0.0,0.0
maccs_bit_094,0.0,0.0
maccs_bit_095,-0.0,0.0
maccs_bit_096,0.0,0.0
maccs_bit_097,-0.0,0.0
maccs_bit_098,-0.0,0.0
maccs_bit_099,0.0,0.0
maccs_bit_100,-0.0,0.0
maccs_bit_101,0.0,0.0
maccs_bit_102,0.0,0.0
maccs_bit_103,0.0,0.0
morgan_bit_0225,-0.0,0.0
maccs_bit_105,0.0,0.0
maccs_bit_106,0.0,0.0
morgan_bit_0226,-0.0,0.0
maccs_bit_108,-0.0,0.0
maccs_bit_109,0.0,0.0
maccs_bit_110,0.0,0.0
morgan_bit_0227,0.0,0.0
maccs_bit_112,-0.0,0.0
maccs_bit_113,-0.0,0.0
maccs_bit_114,-0.0,0.0
maccs_bit_115,-0.0,0.0
morgan_bit_0228,-0.0,0.0
maccs_bit_117,0.0,0.0
maccs_bit_118,-0.0,0.0
maccs_bit_119,-0.0,0.0
maccs_bit_120,0.0,0.0
maccs_bit_121,-0.0,0.0
maccs_bit_122,-0.0,0.0
maccs_bit_123,-0.0,0.0
maccs_bit_124,0.0,0.0
maccs_bit_125,0.0,0.0
maccs_bit_126,-0.0,0.0
maccs_bit_127,-0.0,0.0
maccs_bit_128,0.0,0.0
maccs_bit_129,-0.0,0.0
maccs_bit_130,-0.0,0.0
maccs_bit_131,-0.0,0.0
maccs_bit_132,-0.0,0.0
maccs_bit_133,0.0,0.0
maccs_bit_134,0.0,0.0
maccs_bit_135,0.0,0.0
maccs_bit_136,-0.0,0.0
maccs_bit_137,-0.0,0.0
maccs_bit_138,-0.0,0.0
maccs_bit_139,-0.0,0.0
maccs_bit_140,-0.0,0.0
maccs_bit_141,-0.0,0.0
morgan_bit_0229,-0.0,0.0
maccs_bit_144,-0.0,0.0
morgan_bit_0230,0.0,0.0
maccs_bit_146,-0.0,0.0
maccs_bit_147,-0.0,0.0
maccs_bit_148,-0.0,0.0
maccs_bit_149,-0.0,0.0
maccs_bit_150,-0.0,0.0
maccs_bit_151,-0.0,0.0
maccs_bit_152,0.0,0.0
maccs_bit_153,-0.0,0.0
maccs_bit_154,0.0,0.0
maccs_bit_155,-0.0,0.0
maccs_bit_156,0.0,0.0
maccs_bit_157,0.0,0.0
maccs_bit_158,-0.0,0.0
maccs_bit_159,0.0,0.0
maccs_bit_160,-0.0,0.0
maccs_bit_161,-0.0,0.0
maccs_bit_163,-0.0,0.0
maccs_bit_164,0.0,0.0
rdkit_MaxAbsEStateIndex,0.0,0.0
rdkit_MinAbsEStateIndex,0.0,0.0
rdkit_MinEStateIndex,0.0,0.0
rdkit_qed,0.0,0.0
rdkit_SPS,-0.0,0.0
rdkit_MolWt,0.0,0.0
rdkit_HeavyAtomMolWt,0.0,0.0
rdkit_ExactMolWt,0.0,0.0
rdkit_NumValenceElectrons,0.0,0.0
rdkit_MaxPartialCharge,0.0,0.0
rdkit_MinPartialCharge,0.0,0.0
rdkit_MaxAbsPartialCharge,0.0,0.0
rdkit_MinAbsPartialCharge,0.0,0.0
morgan_bit_0231,0.0,0.0
rdkit_FpDensityMorgan2,-0.0,0.0
rdkit_FpDensityMorgan3,-0.0,0.0
rdkit_BCUT2D_MWHI,0.0,0.0
rdkit_BCUT2D_MWLOW,-0.0,0.0
rdkit_BCUT2D_CHGHI,-0.0,0.0
rdkit_BCUT2D_CHGLO,0.0,0.0
rdkit_BCUT2D_LOGPHI,0.0,0.0
rdkit_BCUT2D_LOGPLOW,0.0,0.0
rdkit_BCUT2D_MRHI,0.0,0.0
rdkit_BCUT2D_MRLOW,0.0,0.0
rdkit_AvgIpc,0.0,0.0
morgan_bit_0232,0.0,0.0
rdkit_BertzCT,0.0,0.0
rdkit_Chi0,0.0,0.0
rdkit_Chi0n,0.0,0.0
rdkit_Chi0v,0.0,0.0
rdkit_Chi1,0.0,0.0
rdkit_Chi1n,0.0,0.0
rdkit_Chi1v,0.0,0.0
rdkit_Chi2n,0.0,0.0
rdkit_Chi2v,0.0,0.0
rdkit_Chi3n,0.0,0.0
rdkit_Chi3v,0.0,0.0
rdkit_Chi4n,0.0,0.0
rdkit_Chi4v,0.0,0.0
rdkit_HallKierAlpha,-0.0,0.0
rdkit_Kappa1,0.0,0.0
rdkit_Kappa2,0.0,0.0
rdkit_Kappa3,0.0,0.0
rdkit_LabuteASA,0.0,0.0
rdkit_PEOE_VSA1,-0.0,0.0
rdkit_PEOE_VSA10,0.0,0.0
rdkit_PEOE_VSA11,0.0,0.0
rdkit_PEOE_VSA12,0.0,0.0
rdkit_PEOE_VSA13,-0.0,0.0
rdkit_PEOE_VSA14,0.0,0.0
rdkit_PEOE_VSA2,-0.0,0.0
rdkit_PEOE_VSA3,-0.0,0.0
rdkit_PEOE_VSA4,0.0,0.0
rdkit_PEOE_VSA5,0.0,0.0
morgan_bit_0233,-0.0,0.0
rdkit_PEOE_VSA7,-0.0,0.0
rdkit_PEOE_VSA8,0.0,0.0
rdkit_PEOE_VSA9,-0.0,0.0
rdkit_SMR_VSA1,0.0,0.0
rdkit_SMR_VSA10,0.0,0.0
rdkit_SMR_VSA2,-0.0,0.0
rdkit_SMR_VSA3,-0.0,0.0
rdkit_SMR_VSA4,0.0,0.0
rdkit_SMR_VSA5,0.0,0.0
rdkit_SMR_VSA6,-0.0,0.0
rdkit_SMR_VSA7,0.0,0.0
rdkit_SMR_VSA9,-0.0,0.0
rdkit_SlogP_VSA1,-0.0,0.0
morgan_bit_0234,0.0,0.0
rdkit_SlogP_VSA11,-0.0,0.0
rdkit_SlogP_VSA12,0.0,0.0
rdkit_SlogP_VSA2,-0.0,0.0
rdkit_SlogP_VSA3,0.0,0.0
morgan_bit_0235,0.0,0.0
rdkit_SlogP_VSA5,-0.0,0.0
rdkit_SlogP_VSA6,0.0,0.0
rdkit_SlogP_VSA7,0.0,0.0
rdkit_SlogP_VSA8,0.0,0.0
rdkit_TPSA,-0.0,0.0
rdkit_EState_VSA1,-0.0,0.0
rdkit_EState_VSA10,0.0,0.0
rdkit_EState_VSA11,-0.0,0.0
rdkit_EState_VSA2,-0.0,0.0
rdkit_EState_VSA3,0.0,0.0
rdkit_EState_VSA4,0.0,0.0
morgan_bit_0236,0.0,0.0
rdkit_EState_VSA6,-0.0,0.0
morgan_bit_0237,-0.0,0.0
rdkit_EState_VSA8,0.0,0.0
rdkit_EState_VSA9,-0.0,0.0
rdkit_VSA_EState1,0.0,0.0
rdkit_VSA_EState10,0.0,0.0
rdkit_VSA_EState2,0.0,0.0
rdkit_VSA_EState3,-0.0,0.0
rdkit_VSA_EState4,-0.0,0.0
morgan_bit_0238,-0.0,0.0
rdkit_VSA_EState6,0.0,0.0
rdkit_VSA_EState7,-0.0,0.0
rdkit_VSA_EState8,-0.0,0.0
rdkit_VSA_EState9,-0.0,0.0
rdkit_FractionCSP3,-0.0,0.0
rdkit_HeavyAtomCount,0.0,0.0
rdkit_NHOHCount,-0.0,0.0
rdkit_NOCount,-0.0,0.0
rdkit_NumAliphaticCarbocycles,0.0,0.0
rdkit_NumAliphaticHeterocycles,-0.0,0.0
rdkit_NumAliphaticRings,0.0,0.0
rdkit_NumAmideBonds,0.0,0.0
rdkit_NumAromaticCarbocycles,0.0,0.0
rdkit_NumAromaticHeterocycles,0.0,0.0
rdkit_NumAromaticRings,0.0,0.0
rdkit_NumAtomStereoCenters,-0.0,0.0
rdkit_NumBridgeheadAtoms,0.0,0.0
rdkit_NumHAcceptors,-0.0,0.0
rdkit_NumHDonors,-0.0,0.0
rdkit_NumHeteroatoms,0.0,0.0
rdkit_NumHeterocycles,-0.0,0.0
rdkit_NumRotatableBonds,-0.0,0.0
rdkit_NumSaturatedCarbocycles,0.0,0.0
rdkit_NumSaturatedHeterocycles,-0.0,0.0
rdkit_NumSaturatedRings,0.0,0.0
rdkit_NumSpiroAtoms,-0.0,0.0
morgan_bit_0239,0.0,0.0
rdkit_Phi,0.0,0.0
rdkit_RingCount,0.0,0.0
morgan_bit_0240,-0.0,0.0
rdkit_MolMR,0.0,0.0
rdkit_fr_Al_COO,-0.0,0.0
rdkit_fr_Al_OH,0.0,0.0
rdkit_fr_Al_OH_noTert,0.0,0.0
rdkit_fr_ArN,-0.0,0.0
rdkit_fr_Ar_COO,-0.0,0.0
rdkit_fr_Ar_N,-0.0,0.0
rdkit_fr_Ar_NH,-0.0,0.0
rdkit_fr_Ar_OH,-0.0,0.0
morgan_bit_0241,0.0,0.0
rdkit_fr_C_O,0.0,0.0
rdkit_fr_C_O_noCOO,0.0,0.0
rdkit_fr_HOCCN,0.0,0.0
rdkit_fr_Imine,0.0,0.0
rdkit_fr_NH0,-0.0,0.0
rdkit_fr_NH1,0.0,0.0
rdkit_fr_NH2,-0.0,0.0
rdkit_fr_N_O,0.0,0.0
rdkit_fr_Ndealkylation1,-0.0,0.0
rdkit_fr_Ndealkylation2,-0.0,0.0
morgan_bit_0242,0.0,0.0
rdkit_fr_alkyl_halide,0.0,0.0
rdkit_fr_allylic_oxid,0.0,0.0
rdkit_fr_amidine,-0.0,0.0
rdkit_fr_aniline,0.0,0.0
rdkit_fr_aryl_methyl,0.0,0.0
rdkit_fr_benzene,0.0,0.0
rdkit_fr_bicyclic,-0.0,0.0
morgan_bit_0243,0.0,0.0
rdkit_fr_ether,0.0,0.0
rdkit_fr_furan,-0.0,0.0
morgan_bit_0244,-0.0,0.0
rdkit_fr_halogen,0.0,0.0
rdkit_fr_imidazole,-0.0,0.0
rdkit_fr_imide,0.0,0.0
rdkit_fr_ketone,0.0,0.0
rdkit_fr_ketone_Topliss,0.0,0.0
rdkit_fr_lactone,-0.0,0.0
rdkit_fr_methoxy,-0.0,0.0
rdkit_fr_morpholine,0.0,0.0
rdkit_fr_nitrile,0.0,0.0
rdkit_fr_nitro_arom,0.0,0.0
morgan_bit_0245,-0.0,0.0
rdkit_fr_oxazole,0.0,0.0
rdkit_fr_para_hydroxylation,-0.0,0.0
rdkit_fr_phenol,0.0,0.0
rdkit_fr_phenol_noOrthoHbond,0.0,0.0
rdkit_fr_piperdine,-0.0,0.0
morgan_bit_0246,-0.0,0.0
rdkit_fr_priamide,0.0,0.0
rdkit_fr_prisulfonamd,-0.0,0.0
rdkit_fr_pyridine,-0.0,0.0
rdkit_fr_sulfide,0.0,0.0
rdkit_fr_sulfonamd,-0.0,0.0
rdkit_fr_sulfone,-0.0,0.0
rdkit_fr_tetrazole,-0.0,0.0
rdkit_fr_thiazole,-0.0,0.0
rdkit_fr_thiophene,0.0,0.0
rdkit_fr_unbrch_alkane,-0.0,0.0
rdkit_fr_urea,0.0,0.0
maplight_morgan_0000,-0.0,0.0
maplight_morgan_0001,-0.0,0.0
morgan_bit_0247,-0.0,0.0
maplight_morgan_0003,-0.0,0.0
maplight_morgan_0004,0.0,0.0
maplight_morgan_0005,-0.0,0.0
maplight_morgan_0007,-0.0,0.0
maplight_morgan_0008,0.0,0.0
maplight_morgan_0009,-0.0,0.0
morgan_bit_0248,-0.0,0.0
maplight_morgan_0011,0.0,0.0
maplight_morgan_0013,0.0,0.0
maplight_morgan_0014,0.0,0.0
maplight_morgan_0015,0.0,0.0
maplight_morgan_0017,0.0,0.0
maplight_morgan_0019,-0.0,0.0
maplight_morgan_0020,0.0,0.0
maplight_morgan_0021,-0.0,0.0
maplight_morgan_0022,-0.0,0.0
morgan_bit_0249,0.0,0.0
maplight_morgan_0024,0.0,0.0
morgan_bit_0251,-0.0,0.0
maplight_morgan_0026,-0.0,0.0
maplight_morgan_0027,-0.0,0.0
maplight_morgan_0028,0.0,0.0
maplight_morgan_0029,-0.0,0.0
maplight_morgan_0030,-0.0,0.0
maplight_morgan_0031,0.0,0.0
maplight_morgan_0032,-0.0,0.0
maplight_morgan_0033,-0.0,0.0
maplight_morgan_0034,-0.0,0.0
maplight_morgan_0036,0.0,0.0
maplight_morgan_0037,0.0,0.0
maplight_morgan_0038,0.0,0.0
maplight_morgan_0039,0.0,0.0
maplight_morgan_0041,0.0,0.0
maplight_morgan_0042,0.0,0.0
maplight_morgan_0043,-0.0,0.0
maplight_morgan_0044,-0.0,0.0
maplight_morgan_0045,0.0,0.0
maplight_morgan_0046,0.0,0.0
maplight_morgan_0047,-0.0,0.0
maplight_morgan_0048,-0.0,0.0
maplight_morgan_0051,0.0,0.0
maplight_morgan_0056,-0.0,0.0
maplight_morgan_0057,-0.0,0.0
maplight_morgan_0058,-0.0,0.0
maplight_morgan_0059,0.0,0.0
maplight_morgan_0060,-0.0,0.0
maplight_morgan_0062,0.0,0.0
maplight_morgan_0063,0.0,0.0
maplight_morgan_0064,0.0,0.0
maplight_morgan_0065,-0.0,0.0
maplight_morgan_0066,0.0,0.0
maplight_morgan_0067,-0.0,0.0
maplight_morgan_0068,0.0,0.0
maplight_morgan_0069,0.0,0.0
maplight_morgan_0072,-0.0,0.0
maplight_morgan_0073,-0.0,0.0
maplight_morgan_0074,0.0,0.0
maplight_morgan_0075,0.0,0.0
maplight_morgan_0076,0.0,0.0
maplight_morgan_0077,-0.0,0.0
maplight_morgan_0078,0.0,0.0
maplight_morgan_0079,-0.0,0.0
maplight_morgan_0080,-0.0,0.0
morgan_bit_0252,0.0,0.0
maplight_morgan_0083,0.0,0.0
maplight_morgan_0084,0.0,0.0
morgan_bit_0253,0.0,0.0
maplight_morgan_0087,0.0,0.0
maplight_morgan_0090,0.0,0.0
morgan_bit_0254,0.0,0.0
maplight_morgan_0093,-0.0,0.0
maplight_morgan_0094,0.0,0.0
maplight_morgan_0096,0.0,0.0
maplight_morgan_0097,0.0,0.0
maplight_morgan_0098,-0.0,0.0
maplight_morgan_0099,-0.0,0.0
maplight_morgan_0102,0.0,0.0
maplight_morgan_0104,0.0,0.0
maplight_morgan_0105,-0.0,0.0
maplight_morgan_0106,-0.0,0.0
maplight_morgan_0107,0.0,0.0
maplight_morgan_0110,0.0,0.0
maplight_morgan_0112,0.0,0.0
maplight_morgan_0114,0.0,0.0
maplight_morgan_0115,0.0,0.0
maplight_morgan_0116,0.0,0.0
maplight_morgan_0117,-0.0,0.0
maplight_morgan_0118,-0.0,0.0
maplight_morgan_0119,-0.0,0.0
maplight_morgan_0121,0.0,0.0
maplight_morgan_0122,0.0,0.0
maplight_morgan_0123,-0.0,0.0
maplight_morgan_0124,0.0,0.0
maplight_morgan_0126,0.0,0.0
maplight_morgan_0128,0.0,0.0
morgan_bit_0255,0.0,0.0
maplight_morgan_0131,-0.0,0.0
morgan_bit_0256,0.0,0.0
maplight_morgan_0134,-0.0,0.0
maplight_morgan_0135,-0.0,0.0
maplight_morgan_0136,0.0,0.0
maplight_morgan_0137,0.0,0.0
morgan_bit_0257,-0.0,0.0
maplight_morgan_0139,-0.0,0.0
maplight_morgan_0140,-0.0,0.0
maplight_morgan_0143,0.0,0.0
maplight_morgan_0144,-0.0,0.0
maplight_morgan_0145,0.0,0.0
morgan_bit_0258,0.0,0.0
maplight_morgan_0147,-0.0,0.0
maplight_morgan_0148,0.0,0.0
maplight_morgan_0149,0.0,0.0
maplight_morgan_0150,-0.0,0.0
maplight_morgan_0151,0.0,0.0
maplight_morgan_0154,-0.0,0.0
morgan_bit_0259,0.0,0.0
maplight_morgan_0157,0.0,0.0
maplight_morgan_0158,0.0,0.0
maplight_morgan_0160,0.0,0.0
maplight_morgan_0162,0.0,0.0
maplight_morgan_0163,-0.0,0.0
maplight_morgan_0165,0.0,0.0
maplight_morgan_0167,0.0,0.0
morgan_bit_0261,-0.0,0.0
maplight_morgan_0170,0.0,0.0
maplight_morgan_0172,-0.0,0.0
maplight_morgan_0175,0.0,0.0
maplight_morgan_0177,0.0,0.0
maplight_morgan_0178,0.0,0.0
maplight_morgan_0180,-0.0,0.0
maplight_morgan_0184,-0.0,0.0
maplight_morgan_0185,0.0,0.0
maplight_morgan_0187,0.0,0.0
maplight_morgan_0189,0.0,0.0
maplight_morgan_0190,-0.0,0.0
maplight_morgan_0191,0.0,0.0
maplight_morgan_0193,-0.0,0.0
maplight_morgan_0194,0.0,0.0
maplight_morgan_0195,-0.0,0.0
maplight_morgan_0197,0.0,0.0
maplight_morgan_0199,0.0,0.0
maplight_morgan_0200,-0.0,0.0
morgan_bit_0262,0.0,0.0
maplight_morgan_0202,-0.0,0.0
maplight_morgan_0203,0.0,0.0
maplight_morgan_0204,0.0,0.0
maplight_morgan_0205,-0.0,0.0
maplight_morgan_0206,0.0,0.0
maplight_morgan_0207,-0.0,0.0
maplight_morgan_0208,0.0,0.0
maplight_morgan_0209,-0.0,0.0
maplight_morgan_0211,-0.0,0.0
maplight_morgan_0212,0.0,0.0
maplight_morgan_0213,-0.0,0.0
maplight_morgan_0214,-0.0,0.0
maplight_morgan_0215,0.0,0.0
maplight_morgan_0216,0.0,0.0
maplight_morgan_0217,0.0,0.0
maplight_morgan_0218,0.0,0.0
maplight_morgan_0219,0.0,0.0
maplight_morgan_0221,-0.0,0.0
maplight_morgan_0222,-0.0,0.0
maplight_morgan_0223,-0.0,0.0
maplight_morgan_0225,-0.0,0.0
maplight_morgan_0227,-0.0,0.0
maplight_morgan_0230,0.0,0.0
maplight_morgan_0231,0.0,0.0
maplight_morgan_0232,0.0,0.0
maplight_morgan_0233,-0.0,0.0
maplight_morgan_0235,0.0,0.0
maplight_morgan_0236,0.0,0.0
maplight_morgan_0237,-0.0,0.0
morgan_bit_0263,-0.0,0.0
maplight_morgan_0240,-0.0,0.0
maplight_morgan_0241,0.0,0.0
maplight_morgan_0242,0.0,0.0
maplight_morgan_0243,0.0,0.0
maplight_morgan_0245,-0.0,0.0
maplight_morgan_0246,-0.0,0.0
maplight_morgan_0247,-0.0,0.0
maplight_morgan_0248,-0.0,0.0
maplight_morgan_0249,-0.0,0.0
maplight_morgan_0250,0.0,0.0
maplight_morgan_0251,-0.0,0.0
maplight_morgan_0252,0.0,0.0
maplight_morgan_0255,0.0,0.0
maplight_morgan_0256,-0.0,0.0
maplight_morgan_0257,-0.0,0.0
morgan_bit_0264,0.0,0.0
maplight_morgan_0259,0.0,0.0
maplight_morgan_0260,-0.0,0.0
maplight_morgan_0261,-0.0,0.0
maplight_morgan_0262,0.0,0.0
maplight_morgan_0263,-0.0,0.0
maplight_morgan_0264,0.0,0.0
morgan_bit_0265,0.0,0.0
maplight_morgan_0266,0.0,0.0
maplight_morgan_0268,0.0,0.0
maplight_morgan_0270,-0.0,0.0
maplight_morgan_0271,0.0,0.0
maplight_morgan_0272,0.0,0.0
morgan_bit_0266,0.0,0.0
maplight_morgan_0278,0.0,0.0
maplight_morgan_0280,-0.0,0.0
maplight_morgan_0281,0.0,0.0
maplight_morgan_0282,-0.0,0.0
maplight_morgan_0283,-0.0,0.0
maplight_morgan_0285,0.0,0.0
maplight_morgan_0287,-0.0,0.0
maplight_morgan_0288,-0.0,0.0
maplight_morgan_0289,0.0,0.0
maplight_morgan_0291,0.0,0.0
maplight_morgan_0293,-0.0,0.0
maplight_morgan_0294,-0.0,0.0
maplight_morgan_0295,-0.0,0.0
maplight_morgan_0296,-0.0,0.0
maplight_morgan_0297,0.0,0.0
maplight_morgan_0298,-0.0,0.0
maplight_morgan_0301,0.0,0.0
morgan_bit_0268,0.0,0.0
maplight_morgan_0303,-0.0,0.0
maplight_morgan_0304,0.0,0.0
morgan_bit_0269,-0.0,0.0
maplight_morgan_0306,0.0,0.0
morgan_bit_0270,-0.0,0.0
maplight_morgan_0308,0.0,0.0
maplight_morgan_0309,0.0,0.0
maplight_morgan_0310,-0.0,0.0
maplight_morgan_0311,0.0,0.0
maplight_morgan_0312,-0.0,0.0
maplight_morgan_0314,0.0,0.0
maplight_morgan_0315,-0.0,0.0
maplight_morgan_0317,0.0,0.0
maplight_morgan_0318,0.0,0.0
maplight_morgan_0319,-0.0,0.0
maplight_morgan_0320,-0.0,0.0
maplight_morgan_0322,-0.0,0.0
maplight_morgan_0323,-0.0,0.0
maplight_morgan_0325,0.0,0.0
maplight_morgan_0327,-0.0,0.0
maplight_morgan_0328,0.0,0.0
maplight_morgan_0329,-0.0,0.0
maplight_morgan_0332,0.0,0.0
maplight_morgan_0333,0.0,0.0
maplight_morgan_0334,0.0,0.0
maplight_morgan_0335,0.0,0.0
maplight_morgan_0336,0.0,0.0
maplight_morgan_0338,-0.0,0.0
maplight_morgan_0341,-0.0,0.0
maplight_morgan_0342,0.0,0.0
maplight_morgan_0343,-0.0,0.0
maplight_morgan_0344,0.0,0.0
maplight_morgan_0345,-0.0,0.0
maplight_morgan_0346,-0.0,0.0
maplight_morgan_0347,-0.0,0.0
morgan_bit_0271,0.0,0.0
maplight_morgan_0350,-0.0,0.0
maplight_morgan_0352,0.0,0.0
maplight_morgan_0353,0.0,0.0
maplight_morgan_0354,0.0,0.0
maplight_morgan_0356,0.0,0.0
maplight_morgan_0357,-0.0,0.0
morgan_bit_0272,0.0,0.0
maplight_morgan_0360,0.0,0.0
maplight_morgan_0361,-0.0,0.0
maplight_morgan_0364,-0.0,0.0
maplight_morgan_0365,0.0,0.0
maplight_morgan_0366,0.0,0.0
maplight_morgan_0367,0.0,0.0
maplight_morgan_0368,0.0,0.0
maplight_morgan_0369,0.0,0.0
maplight_morgan_0371,0.0,0.0
maplight_morgan_0374,-0.0,0.0
maplight_morgan_0375,0.0,0.0
maplight_morgan_0376,0.0,0.0
maplight_morgan_0377,0.0,0.0
maplight_morgan_0378,-0.0,0.0
maplight_morgan_0380,-0.0,0.0
maplight_morgan_0381,0.0,0.0
maplight_morgan_0383,-0.0,0.0
maplight_morgan_0384,0.0,0.0
maplight_morgan_0385,0.0,0.0
maplight_morgan_0386,0.0,0.0
maplight_morgan_0387,0.0,0.0
maplight_morgan_0389,-0.0,0.0
morgan_bit_0273,-0.0,0.0
maplight_morgan_0391,-0.0,0.0
maplight_morgan_0392,0.0,0.0
maplight_morgan_0393,0.0,0.0
maplight_morgan_0394,0.0,0.0
maplight_morgan_0396,0.0,0.0
maplight_morgan_0397,0.0,0.0
morgan_bit_0274,-0.0,0.0
maplight_morgan_0399,-0.0,0.0
morgan_bit_0275,0.0,0.0
maplight_morgan_0406,-0.0,0.0
maplight_morgan_0407,0.0,0.0
morgan_bit_0276,-0.0,0.0
maplight_morgan_0409,-0.0,0.0
morgan_bit_0277,0.0,0.0
maplight_morgan_0412,0.0,0.0
maplight_morgan_0415,-0.0,0.0
maplight_morgan_0417,-0.0,0.0
maplight_morgan_0419,-0.0,0.0
maplight_morgan_0421,0.0,0.0
maplight_morgan_0422,0.0,0.0
maplight_morgan_0423,0.0,0.0
maplight_morgan_0424,0.0,0.0
morgan_bit_0278,0.0,0.0
maplight_morgan_0427,0.0,0.0
maplight_morgan_0428,-0.0,0.0
maplight_morgan_0429,0.0,0.0
morgan_bit_0279,0.0,0.0
maplight_morgan_0431,-0.0,0.0
maplight_morgan_0432,0.0,0.0
maplight_morgan_0433,0.0,0.0
morgan_bit_0280,-0.0,0.0
maplight_morgan_0435,0.0,0.0
maplight_morgan_0436,-0.0,0.0
maplight_morgan_0437,-0.0,0.0
maplight_morgan_0438,-0.0,0.0
morgan_bit_0282,-0.0,0.0
maplight_morgan_0441,0.0,0.0
maplight_morgan_0442,-0.0,0.0
maplight_morgan_0444,-0.0,0.0
maplight_morgan_0446,-0.0,0.0
maplight_morgan_0447,-0.0,0.0
maplight_morgan_0448,-0.0,0.0
maplight_morgan_0449,-0.0,0.0
maplight_morgan_0451,-0.0,0.0
maplight_morgan_0452,-0.0,0.0
maplight_morgan_0456,0.0,0.0
maplight_morgan_0457,-0.0,0.0
maplight_morgan_0458,0.0,0.0
maplight_morgan_0459,-0.0,0.0
maplight_morgan_0460,0.0,0.0
maplight_morgan_0461,-0.0,0.0
maplight_morgan_0463,0.0,0.0
maplight_morgan_0464,0.0,0.0
maplight_morgan_0466,0.0,0.0
maplight_morgan_0467,-0.0,0.0
maplight_morgan_0469,-0.0,0.0
maplight_morgan_0470,-0.0,0.0
morgan_bit_0283,-0.0,0.0
maplight_morgan_0472,-0.0,0.0
maplight_morgan_0473,-0.0,0.0
maplight_morgan_0474,0.0,0.0
maplight_morgan_0475,-0.0,0.0
maplight_morgan_0478,0.0,0.0
maplight_morgan_0479,0.0,0.0
maplight_morgan_0480,-0.0,0.0
maplight_morgan_0481,0.0,0.0
maplight_morgan_0482,0.0,0.0
maplight_morgan_0483,-0.0,0.0
maplight_morgan_0484,0.0,0.0
maplight_morgan_0485,-0.0,0.0
maplight_morgan_0486,0.0,0.0
maplight_morgan_0487,-0.0,0.0
maplight_morgan_0488,0.0,0.0
maplight_morgan_0489,-0.0,0.0
maplight_morgan_0490,0.0,0.0
maplight_morgan_0491,0.0,0.0
maplight_morgan_0492,-0.0,0.0
maplight_morgan_0493,-0.0,0.0
maplight_morgan_0494,0.0,0.0
maplight_morgan_0495,-0.0,0.0
maplight_morgan_0496,-0.0,0.0
maplight_morgan_0497,-0.0,0.0
maplight_morgan_0498,0.0,0.0
maplight_morgan_0499,0.0,0.0
maplight_morgan_0500,0.0,0.0
maplight_morgan_0501,0.0,0.0
maplight_morgan_0502,-0.0,0.0
maplight_morgan_0503,0.0,0.0
maplight_morgan_0504,-0.0,0.0
maplight_morgan_0505,0.0,0.0
maplight_morgan_0506,-0.0,0.0
maplight_morgan_0507,-0.0,0.0
maplight_morgan_0511,0.0,0.0
maplight_morgan_0512,-0.0,0.0
maplight_morgan_0515,0.0,0.0
morgan_bit_0285,-0.0,0.0
maplight_morgan_0519,-0.0,0.0
maplight_morgan_0520,-0.0,0.0
maplight_morgan_0523,0.0,0.0
morgan_bit_0286,0.0,0.0
maplight_morgan_0526,-0.0,0.0
maplight_morgan_0527,0.0,0.0
maplight_morgan_0528,-0.0,0.0
maplight_morgan_0529,-0.0,0.0
maplight_morgan_0530,-0.0,0.0
maplight_morgan_0532,-0.0,0.0
maplight_morgan_0535,-0.0,0.0
maplight_morgan_0536,-0.0,0.0
maplight_morgan_0538,0.0,0.0
maplight_morgan_0539,0.0,0.0
maplight_morgan_0540,-0.0,0.0
maplight_morgan_0541,0.0,0.0
maplight_morgan_0543,-0.0,0.0
maplight_morgan_0544,0.0,0.0
maplight_morgan_0545,0.0,0.0
morgan_bit_0287,-0.0,0.0
maplight_morgan_0547,0.0,0.0
maplight_morgan_0548,0.0,0.0
maplight_morgan_0549,0.0,0.0
maplight_morgan_0551,-0.0,0.0
maplight_morgan_0552,-0.0,0.0
maplight_morgan_0553,-0.0,0.0
maplight_morgan_0554,-0.0,0.0
maplight_morgan_0556,-0.0,0.0
maplight_morgan_0557,0.0,0.0
maplight_morgan_0558,0.0,0.0
maplight_morgan_0559,-0.0,0.0
maplight_morgan_0560,0.0,0.0
maplight_morgan_0561,0.0,0.0
maplight_morgan_0562,-0.0,0.0
maplight_morgan_0563,-0.0,0.0
maplight_morgan_0564,0.0,0.0
maplight_morgan_0565,-0.0,0.0
maplight_morgan_0566,-0.0,0.0
maplight_morgan_0567,-0.0,0.0
maplight_morgan_0568,-0.0,0.0
maplight_morgan_0569,-0.0,0.0
maplight_morgan_0570,-0.0,0.0
morgan_bit_0288,-0.0,0.0
maplight_morgan_0574,-0.0,0.0
maplight_morgan_0575,-0.0,0.0
maplight_morgan_0577,0.0,0.0
maplight_morgan_0578,-0.0,0.0
maplight_morgan_0579,-0.0,0.0
maplight_morgan_0580,0.0,0.0
maplight_morgan_0581,-0.0,0.0
maplight_morgan_0582,-0.0,0.0
maplight_morgan_0583,-0.0,0.0
maplight_morgan_0584,-0.0,0.0
maplight_morgan_0585,0.0,0.0
maplight_morgan_0586,0.0,0.0
maplight_morgan_0587,-0.0,0.0
maplight_morgan_0591,0.0,0.0
maplight_morgan_0592,-0.0,0.0
maplight_morgan_0593,-0.0,0.0
maplight_morgan_0595,-0.0,0.0
morgan_bit_0289,0.0,0.0
maplight_morgan_0597,-0.0,0.0
maplight_morgan_0598,0.0,0.0
maplight_morgan_0600,-0.0,0.0
maplight_morgan_0601,-0.0,0.0
maplight_morgan_0602,-0.0,0.0
maplight_morgan_0603,0.0,0.0
maplight_morgan_0606,0.0,0.0
maplight_morgan_0607,0.0,0.0
maplight_morgan_0609,-0.0,0.0
maplight_morgan_0610,0.0,0.0
maplight_morgan_0613,0.0,0.0
maplight_morgan_0614,-0.0,0.0
maplight_morgan_0616,0.0,0.0
maplight_morgan_0617,-0.0,0.0
maplight_morgan_0620,-0.0,0.0
maplight_morgan_0622,0.0,0.0
maplight_morgan_0623,-0.0,0.0
maplight_morgan_0624,0.0,0.0
maplight_morgan_0625,0.0,0.0
morgan_bit_0290,-0.0,0.0
maplight_morgan_0628,-0.0,0.0
maplight_morgan_0631,0.0,0.0
maplight_morgan_0632,-0.0,0.0
maplight_morgan_0633,-0.0,0.0
maplight_morgan_0635,0.0,0.0
maplight_morgan_0637,-0.0,0.0
maplight_morgan_0638,0.0,0.0
maplight_morgan_0639,0.0,0.0
maplight_morgan_0640,-0.0,0.0
maplight_morgan_0641,-0.0,0.0
maplight_morgan_0642,0.0,0.0
maplight_morgan_0644,-0.0,0.0
maplight_morgan_0645,-0.0,0.0
maplight_morgan_0646,0.0,0.0
maplight_morgan_0647,-0.0,0.0
maplight_morgan_0649,-0.0,0.0
maplight_morgan_0650,-0.0,0.0
maplight_morgan_0651,0.0,0.0
maplight_morgan_0652,-0.0,0.0
maplight_morgan_0653,0.0,0.0
maplight_morgan_0654,0.0,0.0
maplight_morgan_0656,0.0,0.0
maplight_morgan_0657,0.0,0.0
maplight_morgan_0658,-0.0,0.0
maplight_morgan_0659,0.0,0.0
maplight_morgan_0661,0.0,0.0
maplight_morgan_0662,-0.0,0.0
maplight_morgan_0663,-0.0,0.0
maplight_morgan_0664,0.0,0.0
maplight_morgan_0665,0.0,0.0
maplight_morgan_0666,0.0,0.0
maplight_morgan_0667,-0.0,0.0
maplight_morgan_0668,0.0,0.0
maplight_morgan_0669,0.0,0.0
maplight_morgan_0670,-0.0,0.0
morgan_bit_0291,0.0,0.0
morgan_bit_0292,-0.0,0.0
maplight_morgan_0674,0.0,0.0
maplight_morgan_0675,0.0,0.0
maplight_morgan_0676,-0.0,0.0
maplight_morgan_0677,-0.0,0.0
maplight_morgan_0679,0.0,0.0
morgan_bit_0293,-0.0,0.0
maplight_morgan_0681,-0.0,0.0
maplight_morgan_0682,0.0,0.0
maplight_morgan_0684,0.0,0.0
maplight_morgan_0685,-0.0,0.0
maplight_morgan_0687,0.0,0.0
maplight_morgan_0689,0.0,0.0
maplight_morgan_0691,0.0,0.0
maplight_morgan_0692,0.0,0.0
maplight_morgan_0693,-0.0,0.0
maplight_morgan_0694,0.0,0.0
maplight_morgan_0695,0.0,0.0
maplight_morgan_0697,0.0,0.0
maplight_morgan_0698,0.0,0.0
maplight_morgan_0699,0.0,0.0
maplight_morgan_0700,0.0,0.0
maplight_morgan_0702,0.0,0.0
maplight_morgan_0703,0.0,0.0
maplight_morgan_0705,-0.0,0.0
maplight_morgan_0706,-0.0,0.0
maplight_morgan_0707,-0.0,0.0
maplight_morgan_0708,0.0,0.0
maplight_morgan_0710,0.0,0.0
maplight_morgan_0712,-0.0,0.0
maplight_morgan_0713,-0.0,0.0
maplight_morgan_0714,0.0,0.0
maplight_morgan_0715,-0.0,0.0
maplight_morgan_0716,-0.0,0.0
maplight_morgan_0718,-0.0,0.0
maplight_morgan_0719,0.0,0.0
maplight_morgan_0720,0.0,0.0
maplight_morgan_0721,0.0,0.0
maplight_morgan_0722,0.0,0.0
morgan_bit_0294,-0.0,0.0
maplight_morgan_0724,-0.0,0.0
morgan_bit_0295,0.0,0.0
maplight_morgan_0726,0.0,0.0
maplight_morgan_0727,0.0,0.0
morgan_bit_0296,-0.0,0.0
maplight_morgan_0730,0.0,0.0
maplight_morgan_0732,-0.0,0.0
maplight_morgan_0733,0.0,0.0
maplight_morgan_0734,-0.0,0.0
maplight_morgan_0735,0.0,0.0
maplight_morgan_0736,0.0,0.0
morgan_bit_0297,0.0,0.0
maplight_morgan_0738,0.0,0.0
maplight_morgan_0739,0.0,0.0
maplight_morgan_0740,0.0,0.0
maplight_morgan_0741,0.0,0.0
maplight_morgan_0742,0.0,0.0
morgan_bit_0298,-0.0,0.0
maplight_morgan_0745,0.0,0.0
maplight_morgan_0746,0.0,0.0
maplight_morgan_0747,-0.0,0.0
maplight_morgan_0749,-0.0,0.0
maplight_morgan_0750,-0.0,0.0
maplight_morgan_0751,-0.0,0.0
maplight_morgan_0752,-0.0,0.0
maplight_morgan_0753,0.0,0.0
maplight_morgan_0754,0.0,0.0
maplight_morgan_0755,0.0,0.0
maplight_morgan_0757,-0.0,0.0
maplight_morgan_0758,0.0,0.0
maplight_morgan_0759,0.0,0.0
maplight_morgan_0761,-0.0,0.0
maplight_morgan_0764,-0.0,0.0
morgan_bit_0299,0.0,0.0
maplight_morgan_0766,-0.0,0.0
maplight_morgan_0767,0.0,0.0
maplight_morgan_0771,0.0,0.0
maplight_morgan_0772,0.0,0.0
maplight_morgan_0774,0.0,0.0
maplight_morgan_0775,0.0,0.0
maplight_morgan_0776,-0.0,0.0
maplight_morgan_0778,-0.0,0.0
maplight_morgan_0779,0.0,0.0
maplight_morgan_0780,0.0,0.0
maplight_morgan_0781,-0.0,0.0
maplight_morgan_0782,-0.0,0.0
maplight_morgan_0784,0.0,0.0
maplight_morgan_0785,0.0,0.0
maplight_morgan_0786,0.0,0.0
maplight_morgan_0787,-0.0,0.0
maplight_morgan_0788,-0.0,0.0
maplight_morgan_0789,-0.0,0.0
morgan_bit_0300,-0.0,0.0
maplight_morgan_0791,-0.0,0.0
maplight_morgan_0792,0.0,0.0
maplight_morgan_0793,-0.0,0.0
maplight_morgan_0794,0.0,0.0
maplight_morgan_0795,-0.0,0.0
maplight_morgan_0798,-0.0,0.0
morgan_bit_0301,-0.0,0.0
maplight_morgan_0800,0.0,0.0
maplight_morgan_0801,-0.0,0.0
maplight_morgan_0802,-0.0,0.0
maplight_morgan_0803,0.0,0.0
maplight_morgan_0804,0.0,0.0
maplight_morgan_0805,-0.0,0.0
maplight_morgan_0806,-0.0,0.0
maplight_morgan_0807,-0.0,0.0
maplight_morgan_0809,0.0,0.0
maplight_morgan_0811,0.0,0.0
maplight_morgan_0813,0.0,0.0
maplight_morgan_0814,0.0,0.0
maplight_morgan_0815,0.0,0.0
maplight_morgan_0816,0.0,0.0
maplight_morgan_0819,0.0,0.0
maplight_morgan_0822,0.0,0.0
maplight_morgan_0823,0.0,0.0
maplight_morgan_0825,0.0,0.0
maplight_morgan_0826,0.0,0.0
maplight_morgan_0827,-0.0,0.0
maplight_morgan_0828,0.0,0.0
maplight_morgan_0829,-0.0,0.0
maplight_morgan_0830,0.0,0.0
maplight_morgan_0831,-0.0,0.0
maplight_morgan_0832,-0.0,0.0
maplight_morgan_0833,-0.0,0.0
maplight_morgan_0834,-0.0,0.0
maplight_morgan_0835,0.0,0.0
maplight_morgan_0836,-0.0,0.0
maplight_morgan_0837,0.0,0.0
maplight_morgan_0838,-0.0,0.0
maplight_morgan_0839,-0.0,0.0
maplight_morgan_0840,0.0,0.0
maplight_morgan_0841,0.0,0.0
morgan_bit_0302,-0.0,0.0
maplight_morgan_0843,0.0,0.0
maplight_morgan_0845,0.0,0.0
maplight_morgan_0846,0.0,0.0
maplight_morgan_0847,-0.0,0.0
maplight_morgan_0848,0.0,0.0
maplight_morgan_0849,0.0,0.0
maplight_morgan_0850,0.0,0.0
maplight_morgan_0851,-0.0,0.0
maplight_morgan_0855,-0.0,0.0
maplight_morgan_0856,-0.0,0.0
maplight_morgan_0857,-0.0,0.0
maplight_morgan_0858,0.0,0.0
maplight_morgan_0860,0.0,0.0
maplight_morgan_0861,0.0,0.0
maplight_morgan_0862,0.0,0.0
maplight_morgan_0863,0.0,0.0
maplight_morgan_0864,0.0,0.0
maplight_morgan_0868,-0.0,0.0
maplight_morgan_0869,0.0,0.0
maplight_morgan_0872,-0.0,0.0
maplight_morgan_0875,-0.0,0.0
maplight_morgan_0877,0.0,0.0
maplight_morgan_0878,0.0,0.0
maplight_morgan_0879,0.0,0.0
maplight_morgan_0881,-0.0,0.0
maplight_morgan_0882,0.0,0.0
morgan_bit_0303,-0.0,0.0
maplight_morgan_0884,-0.0,0.0
maplight_morgan_0885,-0.0,0.0
maplight_morgan_0886,-0.0,0.0
maplight_morgan_0887,-0.0,0.0
maplight_morgan_0888,0.0,0.0
maplight_morgan_0889,0.0,0.0
maplight_morgan_0890,0.0,0.0
maplight_morgan_0891,0.0,0.0
maplight_morgan_0892,-0.0,0.0
maplight_morgan_0893,0.0,0.0
maplight_morgan_0894,-0.0,0.0
maplight_morgan_0895,0.0,0.0
maplight_morgan_0896,-0.0,0.0
morgan_bit_0304,0.0,0.0
maplight_morgan_0898,0.0,0.0
maplight_morgan_0899,-0.0,0.0
maplight_morgan_0901,0.0,0.0
maplight_morgan_0902,-0.0,0.0
maplight_morgan_0903,-0.0,0.0
maplight_morgan_0904,0.0,0.0
maplight_morgan_0905,0.0,0.0
maplight_morgan_0906,-0.0,0.0
maplight_morgan_0908,-0.0,0.0
maplight_morgan_0909,0.0,0.0
maplight_morgan_0910,-0.0,0.0
maplight_morgan_0911,-0.0,0.0
maplight_morgan_0912,-0.0,0.0
maplight_morgan_0913,-0.0,0.0
maplight_morgan_0914,0.0,0.0
morgan_bit_0305,-0.0,0.0
morgan_bit_0306,0.0,0.0
maplight_morgan_0918,-0.0,0.0
maplight_morgan_0919,0.0,0.0
maplight_morgan_0920,-0.0,0.0
maplight_morgan_0922,-0.0,0.0
maplight_morgan_0924,0.0,0.0
maplight_morgan_0925,0.0,0.0
maplight_morgan_0926,0.0,0.0
maplight_morgan_0927,-0.0,0.0
maplight_morgan_0929,-0.0,0.0
maplight_morgan_0930,-0.0,0.0
maplight_morgan_0931,0.0,0.0
maplight_morgan_0932,-0.0,0.0
maplight_morgan_0933,0.0,0.0
maplight_morgan_0934,-0.0,0.0
maplight_morgan_0935,0.0,0.0
maplight_morgan_0936,-0.0,0.0
maplight_morgan_0937,0.0,0.0
maplight_morgan_0938,-0.0,0.0
maplight_morgan_0939,0.0,0.0
maplight_morgan_0940,0.0,0.0
maplight_morgan_0941,-0.0,0.0
maplight_morgan_0942,0.0,0.0
maplight_morgan_0943,0.0,0.0
maplight_morgan_0945,0.0,0.0
maplight_morgan_0946,-0.0,0.0
maplight_morgan_0947,-0.0,0.0
morgan_bit_0307,-0.0,0.0
maplight_morgan_0949,-0.0,0.0
maplight_morgan_0950,0.0,0.0
maplight_morgan_0951,0.0,0.0
maplight_morgan_0952,0.0,0.0
maplight_morgan_0953,0.0,0.0
maplight_morgan_0954,0.0,0.0
maplight_morgan_0955,0.0,0.0
maplight_morgan_0956,-0.0,0.0
maplight_morgan_0957,0.0,0.0
maplight_morgan_0958,-0.0,0.0
maplight_morgan_0959,0.0,0.0
maplight_morgan_0960,-0.0,0.0
maplight_morgan_0961,-0.0,0.0
maplight_morgan_0964,0.0,0.0
maplight_morgan_0965,0.0,0.0
maplight_morgan_0966,0.0,0.0
maplight_morgan_0967,0.0,0.0
maplight_morgan_0968,-0.0,0.0
maplight_morgan_0969,-0.0,0.0
maplight_morgan_0973,-0.0,0.0
maplight_morgan_0974,-0.0,0.0
maplight_morgan_0975,-0.0,0.0
maplight_morgan_0976,0.0,0.0
maplight_morgan_0977,0.0,0.0
maplight_morgan_0978,0.0,0.0
maplight_morgan_0980,-0.0,0.0
maplight_morgan_0983,-0.0,0.0
maplight_morgan_0984,-0.0,0.0
maplight_morgan_0985,-0.0,0.0
maplight_morgan_0986,0.0,0.0
maplight_morgan_0987,0.0,0.0
maplight_morgan_0990,0.0,0.0
maplight_morgan_0992,0.0,0.0
maplight_morgan_0993,-0.0,0.0
maplight_morgan_0995,0.0,0.0
maplight_morgan_0996,0.0,0.0
maplight_morgan_0997,0.0,0.0
maplight_morgan_0998,0.0,0.0
maplight_morgan_0999,-0.0,0.0
maplight_morgan_1003,-0.0,0.0
maplight_morgan_1004,-0.0,0.0
morgan_bit_0308,0.0,0.0
maplight_morgan_1006,-0.0,0.0
maplight_morgan_1008,-0.0,0.0
maplight_morgan_1009,-0.0,0.0
maplight_morgan_1010,0.0,0.0
maplight_morgan_1011,-0.0,0.0
maplight_morgan_1012,0.0,0.0
maplight_morgan_1013,-0.0,0.0
maplight_morgan_1014,-0.0,0.0
maplight_morgan_1016,0.0,0.0
maplight_morgan_1017,-0.0,0.0
maplight_morgan_1018,0.0,0.0
maplight_morgan_1019,0.0,0.0
maplight_morgan_1021,-0.0,0.0
maplight_morgan_1022,0.0,0.0
maplight_morgan_1023,0.0,0.0
avalon_count_0000,0.0,0.0
avalon_count_0001,-0.0,0.0
avalon_count_0002,-0.0,0.0
avalon_count_0003,0.0,0.0
avalon_count_0004,-0.0,0.0
avalon_count_0005,0.0,0.0
avalon_count_0006,-0.0,0.0
morgan_bit_0309,0.0,0.0
avalon_count_0008,0.0,0.0
avalon_count_0009,-0.0,0.0
avalon_count_0010,0.0,0.0
avalon_count_0011,-0.0,0.0
avalon_count_0012,0.0,0.0
avalon_count_0013,0.0,0.0
avalon_count_0014,0.0,0.0
avalon_count_0015,0.0,0.0
morgan_bit_0310,-0.0,0.0
avalon_count_0017,0.0,0.0
avalon_count_0018,-0.0,0.0
avalon_count_0019,0.0,0.0
avalon_count_0020,0.0,0.0
avalon_count_0021,-0.0,0.0
morgan_bit_0311,0.0,0.0
avalon_count_0023,0.0,0.0
avalon_count_0024,-0.0,0.0
avalon_count_0025,-0.0,0.0
avalon_count_0026,0.0,0.0
avalon_count_0027,0.0,0.0
avalon_count_0028,0.0,0.0
avalon_count_0029,0.0,0.0
avalon_count_0030,0.0,0.0
avalon_count_0031,0.0,0.0
avalon_count_0032,-0.0,0.0
morgan_bit_0312,-0.0,0.0
avalon_count_0034,-0.0,0.0
avalon_count_0035,-0.0,0.0
avalon_count_0036,-0.0,0.0
avalon_count_0037,0.0,0.0
avalon_count_0038,-0.0,0.0
avalon_count_0039,0.0,0.0
avalon_count_0040,0.0,0.0
avalon_count_0041,-0.0,0.0
avalon_count_0042,-0.0,0.0
avalon_count_0043,0.0,0.0
avalon_count_0044,0.0,0.0
avalon_count_0045,0.0,0.0
avalon_count_0046,0.0,0.0
morgan_bit_0313,-0.0,0.0
avalon_count_0048,0.0,0.0
avalon_count_0049,0.0,0.0
avalon_count_0050,-0.0,0.0
avalon_count_0051,0.0,0.0
avalon_count_0052,-0.0,0.0
morgan_bit_0314,-0.0,0.0
morgan_bit_0315,-0.0,0.0
avalon_count_0055,-0.0,0.0
avalon_count_0056,-0.0,0.0
avalon_count_0057,-0.0,0.0
avalon_count_0058,-0.0,0.0
avalon_count_0059,0.0,0.0
avalon_count_0060,0.0,0.0
avalon_count_0061,-0.0,0.0
avalon_count_0062,0.0,0.0
avalon_count_0063,0.0,0.0
morgan_bit_0317,0.0,0.0
avalon_count_0065,0.0,0.0
avalon_count_0066,-0.0,0.0
avalon_count_0067,-0.0,0.0
avalon_count_0068,-0.0,0.0
avalon_count_0069,0.0,0.0
avalon_count_0070,0.0,0.0
avalon_count_0071,-0.0,0.0
avalon_count_0072,-0.0,0.0
avalon_count_0073,0.0,0.0
avalon_count_0074,-0.0,0.0
avalon_count_0075,0.0,0.0
avalon_count_0076,-0.0,0.0
avalon_count_0077,-0.0,0.0
avalon_count_0078,0.0,0.0
avalon_count_0079,-0.0,0.0
avalon_count_0080,0.0,0.0
avalon_count_0081,0.0,0.0
avalon_count_0082,0.0,0.0
morgan_bit_0318,0.0,0.0
avalon_count_0084,0.0,0.0
avalon_count_0085,-0.0,0.0
avalon_count_0086,-0.0,0.0
avalon_count_0087,0.0,0.0
avalon_count_0088,0.0,0.0
avalon_count_0089,0.0,0.0
avalon_count_0090,0.0,0.0
avalon_count_0091,-0.0,0.0
avalon_count_0092,0.0,0.0
avalon_count_0093,0.0,0.0
avalon_count_0094,0.0,0.0
avalon_count_0095,0.0,0.0
avalon_count_0096,0.0,0.0
avalon_count_0097,-0.0,0.0
avalon_count_0098,-0.0,0.0
avalon_count_0099,0.0,0.0
avalon_count_0100,-0.0,0.0
avalon_count_0101,-0.0,0.0
avalon_count_0102,0.0,0.0
avalon_count_0103,-0.0,0.0
avalon_count_0104,0.0,0.0
avalon_count_0105,-0.0,0.0
avalon_count_0106,-0.0,0.0
avalon_count_0107,-0.0,0.0
avalon_count_0108,-0.0,0.0
avalon_count_0109,-0.0,0.0
avalon_count_0110,-0.0,0.0
avalon_count_0111,0.0,0.0
avalon_count_0112,-0.0,0.0
avalon_count_0113,0.0,0.0
avalon_count_0114,0.0,0.0
avalon_count_0115,-0.0,0.0
avalon_count_0116,0.0,0.0
avalon_count_0117,0.0,0.0
avalon_count_0118,-0.0,0.0
avalon_count_0119,-0.0,0.0
avalon_count_0120,-0.0,0.0
avalon_count_0121,-0.0,0.0
avalon_count_0122,-0.0,0.0
avalon_count_0123,-0.0,0.0
avalon_count_0124,0.0,0.0
avalon_count_0125,-0.0,0.0
avalon_count_0126,-0.0,0.0
avalon_count_0127,0.0,0.0
avalon_count_0128,0.0,0.0
avalon_count_0129,0.0,0.0
avalon_count_0130,0.0,0.0
avalon_count_0131,0.0,0.0
avalon_count_0132,0.0,0.0
avalon_count_0133,0.0,0.0
avalon_count_0134,-0.0,0.0
avalon_count_0135,0.0,0.0
avalon_count_0136,0.0,0.0
avalon_count_0137,-0.0,0.0
avalon_count_0138,0.0,0.0
avalon_count_0139,-0.0,0.0
morgan_bit_0319,-0.0,0.0
avalon_count_0141,0.0,0.0
avalon_count_0142,-0.0,0.0
avalon_count_0143,-0.0,0.0
avalon_count_0144,0.0,0.0
avalon_count_0145,0.0,0.0
avalon_count_0146,-0.0,0.0
avalon_count_0147,0.0,0.0
avalon_count_0148,-0.0,0.0
avalon_count_0149,0.0,0.0
avalon_count_0150,-0.0,0.0
avalon_count_0151,0.0,0.0
morgan_bit_0320,-0.0,0.0
avalon_count_0153,0.0,0.0
avalon_count_0154,0.0,0.0
avalon_count_0155,0.0,0.0
avalon_count_0156,-0.0,0.0
avalon_count_0157,-0.0,0.0
avalon_count_0158,0.0,0.0
avalon_count_0159,0.0,0.0
avalon_count_0160,0.0,0.0
avalon_count_0161,0.0,0.0
avalon_count_0162,-0.0,0.0
avalon_count_0163,-0.0,0.0
avalon_count_0164,-0.0,0.0
avalon_count_0165,0.0,0.0
avalon_count_0166,-0.0,0.0
avalon_count_0167,0.0,0.0
avalon_count_0168,-0.0,0.0
avalon_count_0169,-0.0,0.0
avalon_count_0170,-0.0,0.0
avalon_count_0171,-0.0,0.0
avalon_count_0172,-0.0,0.0
avalon_count_0173,0.0,0.0
avalon_count_0174,-0.0,0.0
avalon_count_0175,0.0,0.0
avalon_count_0176,-0.0,0.0
avalon_count_0177,0.0,0.0
avalon_count_0178,0.0,0.0
avalon_count_0179,-0.0,0.0
avalon_count_0180,0.0,0.0
avalon_count_0181,0.0,0.0
avalon_count_0182,0.0,0.0
avalon_count_0183,0.0,0.0
avalon_count_0184,-0.0,0.0
avalon_count_0185,-0.0,0.0
morgan_bit_0322,-0.0,0.0
avalon_count_0187,0.0,0.0
morgan_bit_0323,-0.0,0.0
avalon_count_0189,0.0,0.0
avalon_count_0190,0.0,0.0
avalon_count_0191,-0.0,0.0
avalon_count_0192,-0.0,0.0
avalon_count_0193,-0.0,0.0
avalon_count_0194,-0.0,0.0
avalon_count_0195,-0.0,0.0
avalon_count_0196,-0.0,0.0
avalon_count_0197,-0.0,0.0
avalon_count_0198,0.0,0.0
avalon_count_0199,0.0,0.0
avalon_count_0200,-0.0,0.0
avalon_count_0201,0.0,0.0
avalon_count_0202,0.0,0.0
avalon_count_0203,0.0,0.0
morgan_bit_0324,0.0,0.0
avalon_count_0205,0.0,0.0
avalon_count_0206,0.0,0.0
avalon_count_0207,0.0,0.0
avalon_count_0208,0.0,0.0
avalon_count_0209,0.0,0.0
avalon_count_0210,-0.0,0.0
avalon_count_0211,0.0,0.0
avalon_count_0212,0.0,0.0
avalon_count_0213,-0.0,0.0
avalon_count_0214,0.0,0.0
avalon_count_0215,-0.0,0.0
avalon_count_0216,-0.0,0.0
morgan_bit_0325,0.0,0.0
avalon_count_0218,0.0,0.0
avalon_count_0219,0.0,0.0
avalon_count_0220,-0.0,0.0
avalon_count_0221,0.0,0.0
avalon_count_0222,0.0,0.0
avalon_count_0223,-0.0,0.0
avalon_count_0224,0.0,0.0
avalon_count_0225,0.0,0.0
avalon_count_0226,-0.0,0.0
avalon_count_0227,0.0,0.0
avalon_count_0228,0.0,0.0
avalon_count_0229,-0.0,0.0
avalon_count_0230,0.0,0.0
avalon_count_0231,0.0,0.0
morgan_bit_0326,-0.0,0.0
avalon_count_0233,-0.0,0.0
avalon_count_0234,0.0,0.0
avalon_count_0235,-0.0,0.0
avalon_count_0236,0.0,0.0
avalon_count_0237,-0.0,0.0
avalon_count_0238,0.0,0.0
avalon_count_0239,0.0,0.0
avalon_count_0240,0.0,0.0
avalon_count_0241,0.0,0.0
avalon_count_0242,0.0,0.0
avalon_count_0243,0.0,0.0
avalon_count_0244,0.0,0.0
avalon_count_0245,0.0,0.0
avalon_count_0246,0.0,0.0
avalon_count_0247,-0.0,0.0
morgan_bit_0327,-0.0,0.0
morgan_bit_0328,0.0,0.0
morgan_bit_0329,0.0,0.0
morgan_bit_0330,-0.0,0.0
avalon_count_0252,0.0,0.0
avalon_count_0253,-0.0,0.0
morgan_bit_0332,0.0,0.0
avalon_count_0255,-0.0,0.0
avalon_count_0256,0.0,0.0
avalon_count_0257,0.0,0.0
avalon_count_0258,0.0,0.0
avalon_count_0259,-0.0,0.0
avalon_count_0260,0.0,0.0
avalon_count_0261,-0.0,0.0
avalon_count_0262,-0.0,0.0
avalon_count_0263,0.0,0.0
avalon_count_0264,-0.0,0.0
avalon_count_0265,-0.0,0.0
avalon_count_0266,0.0,0.0
avalon_count_0267,-0.0,0.0
avalon_count_0268,0.0,0.0
avalon_count_0269,-0.0,0.0
avalon_count_0270,-0.0,0.0
avalon_count_0271,0.0,0.0
avalon_count_0272,-0.0,0.0
avalon_count_0273,-0.0,0.0
avalon_count_0274,-0.0,0.0
avalon_count_0275,-0.0,0.0
avalon_count_0276,-0.0,0.0
avalon_count_0277,-0.0,0.0
avalon_count_0278,-0.0,0.0
avalon_count_0279,0.0,0.0
avalon_count_0280,-0.0,0.0
avalon_count_0281,-0.0,0.0
avalon_count_0282,0.0,0.0
avalon_count_0283,0.0,0.0
avalon_count_0284,0.0,0.0
avalon_count_0285,0.0,0.0
avalon_count_0286,0.0,0.0
avalon_count_0287,0.0,0.0
avalon_count_0288,0.0,0.0
morgan_bit_0333,0.0,0.0
avalon_count_0290,0.0,0.0
avalon_count_0291,0.0,0.0
avalon_count_0292,0.0,0.0
avalon_count_0293,0.0,0.0
avalon_count_0294,0.0,0.0
avalon_count_0295,0.0,0.0
avalon_count_0296,-0.0,0.0
avalon_count_0297,0.0,0.0
avalon_count_0298,0.0,0.0
avalon_count_0299,-0.0,0.0
avalon_count_0300,0.0,0.0
avalon_count_0301,-0.0,0.0
avalon_count_0302,-0.0,0.0
avalon_count_0303,-0.0,0.0
morgan_bit_0334,0.0,0.0
avalon_count_0305,0.0,0.0
avalon_count_0306,-0.0,0.0
avalon_count_0307,0.0,0.0
avalon_count_0308,-0.0,0.0
avalon_count_0309,-0.0,0.0
avalon_count_0310,-0.0,0.0
avalon_count_0311,0.0,0.0
avalon_count_0312,0.0,0.0
morgan_bit_0335,0.0,0.0
avalon_count_0314,-0.0,0.0
avalon_count_0315,-0.0,0.0
avalon_count_0316,-0.0,0.0
avalon_count_0317,0.0,0.0
avalon_count_0318,0.0,0.0
avalon_count_0319,0.0,0.0
avalon_count_0320,0.0,0.0
morgan_bit_0336,0.0,0.0
avalon_count_0322,-0.0,0.0
avalon_count_0323,0.0,0.0
avalon_count_0324,-0.0,0.0
avalon_count_0325,-0.0,0.0
avalon_count_0326,0.0,0.0
morgan_bit_0338,-0.0,0.0
avalon_count_0328,0.0,0.0
avalon_count_0329,-0.0,0.0
avalon_count_0330,0.0,0.0
avalon_count_0331,-0.0,0.0
avalon_count_0332,-0.0,0.0
avalon_count_0333,0.0,0.0
avalon_count_0334,-0.0,0.0
avalon_count_0335,-0.0,0.0
avalon_count_0336,-0.0,0.0
avalon_count_0337,-0.0,0.0
avalon_count_0338,0.0,0.0
avalon_count_0339,0.0,0.0
avalon_count_0340,0.0,0.0
avalon_count_0341,0.0,0.0
avalon_count_0342,0.0,0.0
avalon_count_0343,0.0,0.0
avalon_count_0344,-0.0,0.0
avalon_count_0345,0.0,0.0
avalon_count_0346,0.0,0.0
avalon_count_0347,-0.0,0.0
morgan_bit_0339,-0.0,0.0
avalon_count_0349,-0.0,0.0
avalon_count_0350,0.0,0.0
avalon_count_0351,-0.0,0.0
avalon_count_0352,0.0,0.0
avalon_count_0353,0.0,0.0
avalon_count_0354,0.0,0.0
avalon_count_0355,-0.0,0.0
avalon_count_0356,-0.0,0.0
avalon_count_0357,0.0,0.0
avalon_count_0358,0.0,0.0
avalon_count_0359,0.0,0.0
morgan_bit_0340,-0.0,0.0
avalon_count_0361,0.0,0.0
avalon_count_0362,-0.0,0.0
avalon_count_0363,0.0,0.0
morgan_bit_0341,-0.0,0.0
avalon_count_0365,-0.0,0.0
avalon_count_0366,-0.0,0.0
avalon_count_0367,0.0,0.0
avalon_count_0368,0.0,0.0
avalon_count_0369,-0.0,0.0
avalon_count_0370,-0.0,0.0
avalon_count_0371,0.0,0.0
avalon_count_0372,-0.0,0.0
avalon_count_0373,-0.0,0.0
avalon_count_0374,-0.0,0.0
avalon_count_0375,0.0,0.0
avalon_count_0376,0.0,0.0
avalon_count_0377,0.0,0.0
avalon_count_0378,0.0,0.0
avalon_count_0379,0.0,0.0
morgan_bit_0342,0.0,0.0
avalon_count_0381,0.0,0.0
avalon_count_0382,0.0,0.0
avalon_count_0383,-0.0,0.0
avalon_count_0384,0.0,0.0
avalon_count_0385,0.0,0.0
avalon_count_0386,0.0,0.0
avalon_count_0387,0.0,0.0
morgan_bit_0343,-0.0,0.0
avalon_count_0389,-0.0,0.0
avalon_count_0390,-0.0,0.0
avalon_count_0391,0.0,0.0
avalon_count_0392,0.0,0.0
avalon_count_0393,0.0,0.0
avalon_count_0394,0.0,0.0
avalon_count_0395,0.0,0.0
morgan_bit_0344,0.0,0.0
avalon_count_0397,0.0,0.0
avalon_count_0398,0.0,0.0
morgan_bit_0345,-0.0,0.0
avalon_count_0400,-0.0,0.0
avalon_count_0401,0.0,0.0
avalon_count_0402,0.0,0.0
avalon_count_0403,-0.0,0.0
avalon_count_0404,-0.0,0.0
avalon_count_0405,-0.0,0.0
avalon_count_0406,0.0,0.0
avalon_count_0407,-0.0,0.0
avalon_count_0408,-0.0,0.0
avalon_count_0409,-0.0,0.0
avalon_count_0410,0.0,0.0
avalon_count_0411,0.0,0.0
avalon_count_0412,0.0,0.0
avalon_count_0413,-0.0,0.0
avalon_count_0414,0.0,0.0
avalon_count_0415,-0.0,0.0
avalon_count_0416,-0.0,0.0
avalon_count_0417,0.0,0.0
avalon_count_0418,0.0,0.0
avalon_count_0419,-0.0,0.0
avalon_count_0420,0.0,0.0
avalon_count_0421,-0.0,0.0
avalon_count_0422,0.0,0.0
morgan_bit_0346,-0.0,0.0
morgan_bit_0347,-0.0,0.0
avalon_count_0425,0.0,0.0
avalon_count_0426,-0.0,0.0
morgan_bit_0349,0.0,0.0
avalon_count_0428,0.0,0.0
avalon_count_0429,0.0,0.0
avalon_count_0430,-0.0,0.0
morgan_bit_0350,-0.0,0.0
avalon_count_0432,0.0,0.0
avalon_count_0433,0.0,0.0
avalon_count_0434,-0.0,0.0
avalon_count_0435,-0.0,0.0
avalon_count_0436,-0.0,0.0
avalon_count_0437,0.0,0.0
avalon_count_0438,0.0,0.0
avalon_count_0439,-0.0,0.0
morgan_bit_0352,0.0,0.0
avalon_count_0441,0.0,0.0
avalon_count_0442,0.0,0.0
avalon_count_0443,0.0,0.0
avalon_count_0444,-0.0,0.0
avalon_count_0445,-0.0,0.0
avalon_count_0446,0.0,0.0
avalon_count_0447,-0.0,0.0
avalon_count_0448,-0.0,0.0
avalon_count_0449,0.0,0.0
avalon_count_0450,-0.0,0.0
morgan_bit_0353,0.0,0.0
avalon_count_0452,0.0,0.0
avalon_count_0453,0.0,0.0
avalon_count_0454,-0.0,0.0
avalon_count_0455,0.0,0.0
avalon_count_0456,0.0,0.0
avalon_count_0457,-0.0,0.0
avalon_count_0458,0.0,0.0
avalon_count_0459,-0.0,0.0
avalon_count_0460,0.0,0.0
avalon_count_0461,0.0,0.0
avalon_count_0462,0.0,0.0
avalon_count_0463,0.0,0.0
avalon_count_0464,0.0,0.0
avalon_count_0465,-0.0,0.0
avalon_count_0466,-0.0,0.0
avalon_count_0467,0.0,0.0
avalon_count_0468,0.0,0.0
avalon_count_0469,0.0,0.0
avalon_count_0470,0.0,0.0
avalon_count_0471,-0.0,0.0
morgan_bit_0354,0.0,0.0
avalon_count_0473,0.0,0.0
morgan_bit_0355,0.0,0.0
avalon_count_0475,0.0,0.0
avalon_count_0476,0.0,0.0
avalon_count_0477,0.0,0.0
avalon_count_0478,0.0,0.0
avalon_count_0479,0.0,0.0
avalon_count_0480,0.0,0.0
avalon_count_0481,0.0,0.0
avalon_count_0482,0.0,0.0
avalon_count_0483,-0.0,0.0
avalon_count_0484,0.0,0.0
avalon_count_0485,0.0,0.0
avalon_count_0486,0.0,0.0
avalon_count_0487,0.0,0.0
avalon_count_0488,0.0,0.0
morgan_bit_0356,0.0,0.0
avalon_count_0490,-0.0,0.0
avalon_count_0491,0.0,0.0
avalon_count_0492,0.0,0.0
avalon_count_0493,0.0,0.0
avalon_count_0494,-0.0,0.0
avalon_count_0495,0.0,0.0
avalon_count_0496,-0.0,0.0
avalon_count_0497,-0.0,0.0
avalon_count_0498,0.0,0.0
avalon_count_0499,0.0,0.0
avalon_count_0500,0.0,0.0
avalon_count_0501,-0.0,0.0
avalon_count_0502,-0.0,0.0
avalon_count_0503,-0.0,0.0
avalon_count_0504,0.0,0.0
morgan_bit_0357,-0.0,0.0
avalon_count_0506,-0.0,0.0
avalon_count_0507,-0.0,0.0
avalon_count_0508,0.0,0.0
avalon_count_0509,0.0,0.0
avalon_count_0510,0.0,0.0
avalon_count_0511,-0.0,0.0
avalon_count_0512,0.0,0.0
avalon_count_0513,0.0,0.0
avalon_count_0514,0.0,0.0
avalon_count_0515,0.0,0.0
avalon_count_0516,0.0,0.0
avalon_count_0517,0.0,0.0
avalon_count_0518,-0.0,0.0
avalon_count_0519,-0.0,0.0
avalon_count_0520,0.0,0.0
avalon_count_0521,0.0,0.0
morgan_bit_0358,-0.0,0.0
avalon_count_0523,-0.0,0.0
avalon_count_0524,-0.0,0.0
avalon_count_0525,0.0,0.0
avalon_count_0526,0.0,0.0
morgan_bit_0359,-0.0,0.0
avalon_count_0528,-0.0,0.0
avalon_count_0529,0.0,0.0
avalon_count_0530,-0.0,0.0
avalon_count_0531,0.0,0.0
avalon_count_0532,0.0,0.0
avalon_count_0533,0.0,0.0
avalon_count_0534,0.0,0.0
avalon_count_0535,0.0,0.0
avalon_count_0536,-0.0,0.0
morgan_bit_0360,0.0,0.0
morgan_bit_0361,-0.0,0.0
avalon_count_0539,0.0,0.0
avalon_count_0540,0.0,0.0
morgan_bit_0362,-0.0,0.0
avalon_count_0542,0.0,0.0
avalon_count_0543,-0.0,0.0
avalon_count_0544,0.0,0.0
avalon_count_0545,0.0,0.0
avalon_count_0546,0.0,0.0
avalon_count_0547,-0.0,0.0
avalon_count_0548,-0.0,0.0
avalon_count_0549,-0.0,0.0
avalon_count_0550,0.0,0.0
avalon_count_0551,0.0,0.0
avalon_count_0552,-0.0,0.0
avalon_count_0553,-0.0,0.0
avalon_count_0554,-0.0,0.0
avalon_count_0555,0.0,0.0
avalon_count_0556,0.0,0.0
avalon_count_0557,0.0,0.0
morgan_bit_0363,0.0,0.0
avalon_count_0559,0.0,0.0
avalon_count_0560,0.0,0.0
avalon_count_0561,0.0,0.0
avalon_count_0562,0.0,0.0
avalon_count_0563,0.0,0.0
avalon_count_0564,0.0,0.0
avalon_count_0565,0.0,0.0
avalon_count_0566,0.0,0.0
avalon_count_0567,-0.0,0.0
avalon_count_0568,0.0,0.0
avalon_count_0569,-0.0,0.0
avalon_count_0570,0.0,0.0
avalon_count_0571,0.0,0.0
avalon_count_0572,0.0,0.0
avalon_count_0573,-0.0,0.0
avalon_count_0574,0.0,0.0
avalon_count_0575,0.0,0.0
avalon_count_0576,-0.0,0.0
avalon_count_0577,0.0,0.0
avalon_count_0578,0.0,0.0
avalon_count_0579,0.0,0.0
avalon_count_0580,-0.0,0.0
avalon_count_0581,-0.0,0.0
avalon_count_0582,0.0,0.0
morgan_bit_0364,-0.0,0.0
avalon_count_0584,-0.0,0.0
avalon_count_0585,0.0,0.0
avalon_count_0586,0.0,0.0
avalon_count_0587,0.0,0.0
avalon_count_0588,-0.0,0.0
morgan_bit_0365,0.0,0.0
avalon_count_0590,0.0,0.0
avalon_count_0591,0.0,0.0
avalon_count_0592,-0.0,0.0
avalon_count_0593,0.0,0.0
avalon_count_0594,0.0,0.0
avalon_count_0595,-0.0,0.0
avalon_count_0596,-0.0,0.0
avalon_count_0597,-0.0,0.0
avalon_count_0598,-0.0,0.0
avalon_count_0599,0.0,0.0
avalon_count_0600,0.0,0.0
avalon_count_0601,-0.0,0.0
avalon_count_0602,0.0,0.0
avalon_count_0603,0.0,0.0
avalon_count_0604,0.0,0.0
avalon_count_0605,-0.0,0.0
avalon_count_0606,0.0,0.0
morgan_bit_0366,0.0,0.0
avalon_count_0608,-0.0,0.0
avalon_count_0609,-0.0,0.0
avalon_count_0610,-0.0,0.0
avalon_count_0611,0.0,0.0
avalon_count_0612,0.0,0.0
avalon_count_0613,-0.0,0.0
avalon_count_0614,0.0,0.0
morgan_bit_0367,-0.0,0.0
avalon_count_0616,-0.0,0.0
avalon_count_0617,0.0,0.0
avalon_count_0618,0.0,0.0
avalon_count_0619,-0.0,0.0
avalon_count_0620,0.0,0.0
avalon_count_0621,0.0,0.0
avalon_count_0622,0.0,0.0
avalon_count_0623,0.0,0.0
avalon_count_0624,0.0,0.0
avalon_count_0625,-0.0,0.0
morgan_bit_0368,0.0,0.0
avalon_count_0627,-0.0,0.0
avalon_count_0628,-0.0,0.0
avalon_count_0629,-0.0,0.0
avalon_count_0630,-0.0,0.0
avalon_count_0631,0.0,0.0
avalon_count_0632,-0.0,0.0
avalon_count_0633,-0.0,0.0
avalon_count_0634,-0.0,0.0
avalon_count_0635,0.0,0.0
avalon_count_0636,-0.0,0.0
avalon_count_0637,0.0,0.0
avalon_count_0638,0.0,0.0
avalon_count_0639,0.0,0.0
morgan_bit_0369,0.0,0.0
avalon_count_0641,-0.0,0.0
avalon_count_0642,-0.0,0.0
avalon_count_0643,0.0,0.0
avalon_count_0644,-0.0,0.0
avalon_count_0645,-0.0,0.0
avalon_count_0646,0.0,0.0
avalon_count_0647,0.0,0.0
avalon_count_0648,-0.0,0.0
avalon_count_0649,0.0,0.0
avalon_count_0650,-0.0,0.0
avalon_count_0651,-0.0,0.0
avalon_count_0652,-0.0,0.0
avalon_count_0653,-0.0,0.0
avalon_count_0654,-0.0,0.0
morgan_bit_0370,-0.0,0.0
avalon_count_0656,0.0,0.0
avalon_count_0657,-0.0,0.0
avalon_count_0658,0.0,0.0
avalon_count_0659,-0.0,0.0
avalon_count_0660,0.0,0.0
avalon_count_0661,-0.0,0.0
avalon_count_0662,0.0,0.0
avalon_count_0663,0.0,0.0
avalon_count_0664,0.0,0.0
avalon_count_0665,0.0,0.0
avalon_count_0666,-0.0,0.0
morgan_bit_0371,0.0,0.0
avalon_count_0668,0.0,0.0
avalon_count_0669,0.0,0.0
avalon_count_0670,0.0,0.0
avalon_count_0671,0.0,0.0
avalon_count_0672,0.0,0.0
avalon_count_0673,-0.0,0.0
avalon_count_0674,0.0,0.0
avalon_count_0675,0.0,0.0
avalon_count_0676,0.0,0.0
avalon_count_0677,0.0,0.0
avalon_count_0678,-0.0,0.0
avalon_count_0679,0.0,0.0
avalon_count_0680,0.0,0.0
avalon_count_0681,-0.0,0.0
avalon_count_0682,-0.0,0.0
morgan_bit_0372,0.0,0.0
avalon_count_0684,0.0,0.0
avalon_count_0685,0.0,0.0
avalon_count_0686,0.0,0.0
morgan_bit_0373,0.0,0.0
avalon_count_0688,0.0,0.0
avalon_count_0689,-0.0,0.0
avalon_count_0690,0.0,0.0
avalon_count_0691,0.0,0.0
morgan_bit_0374,-0.0,0.0
avalon_count_0693,-0.0,0.0
avalon_count_0694,0.0,0.0
avalon_count_0695,0.0,0.0
avalon_count_0696,0.0,0.0
avalon_count_0697,-0.0,0.0
avalon_count_0698,0.0,0.0
avalon_count_0699,-0.0,0.0
avalon_count_0700,-0.0,0.0
avalon_count_0701,0.0,0.0
avalon_count_0702,-0.0,0.0
avalon_count_0703,0.0,0.0
avalon_count_0704,-0.0,0.0
avalon_count_0705,0.0,0.0
avalon_count_0706,0.0,0.0
avalon_count_0707,0.0,0.0
avalon_count_0708,0.0,0.0
avalon_count_0709,0.0,0.0
avalon_count_0710,0.0,0.0
avalon_count_0711,-0.0,0.0
morgan_bit_0375,0.0,0.0
avalon_count_0713,0.0,0.0
avalon_count_0714,0.0,0.0
avalon_count_0715,-0.0,0.0
avalon_count_0716,0.0,0.0
avalon_count_0717,0.0,0.0
avalon_count_0718,0.0,0.0
morgan_bit_0376,0.0,0.0
avalon_count_0720,0.0,0.0
avalon_count_0721,0.0,0.0
avalon_count_0722,-0.0,0.0
avalon_count_0723,-0.0,0.0
avalon_count_0724,0.0,0.0
avalon_count_0725,0.0,0.0
avalon_count_0726,0.0,0.0
avalon_count_0727,0.0,0.0
avalon_count_0728,0.0,0.0
avalon_count_0729,-0.0,0.0
avalon_count_0730,0.0,0.0
avalon_count_0731,0.0,0.0
avalon_count_0732,-0.0,0.0
avalon_count_0733,0.0,0.0
avalon_count_0734,-0.0,0.0
avalon_count_0735,-0.0,0.0
avalon_count_0736,-0.0,0.0
avalon_count_0737,0.0,0.0
morgan_bit_0377,0.0,0.0
avalon_count_0739,0.0,0.0
morgan_bit_0378,0.0,0.0
avalon_count_0741,0.0,0.0
avalon_count_0742,0.0,0.0
avalon_count_0743,0.0,0.0
morgan_bit_0379,-0.0,0.0
avalon_count_0745,0.0,0.0
avalon_count_0746,0.0,0.0
avalon_count_0747,0.0,0.0
avalon_count_0748,0.0,0.0
avalon_count_0749,0.0,0.0
avalon_count_0750,-0.0,0.0
avalon_count_0751,-0.0,0.0
avalon_count_0752,-0.0,0.0
avalon_count_0753,0.0,0.0
avalon_count_0754,-0.0,0.0
avalon_count_0755,-0.0,0.0
avalon_count_0756,0.0,0.0
morgan_bit_0380,-0.0,0.0
avalon_count_0758,-0.0,0.0
avalon_count_0759,-0.0,0.0
avalon_count_0760,0.0,0.0
avalon_count_0761,-0.0,0.0
avalon_count_0762,0.0,0.0
avalon_count_0763,0.0,0.0
avalon_count_0764,0.0,0.0
avalon_count_0765,-0.0,0.0
avalon_count_0766,-0.0,0.0
avalon_count_0767,-0.0,0.0
avalon_count_0768,0.0,0.0
avalon_count_0769,-0.0,0.0
avalon_count_0770,0.0,0.0
avalon_count_0771,-0.0,0.0
avalon_count_0772,-0.0,0.0
avalon_count_0773,-0.0,0.0
avalon_count_0774,-0.0,0.0
avalon_count_0775,-0.0,0.0
avalon_count_0776,0.0,0.0
morgan_bit_0381,0.0,0.0
avalon_count_0778,0.0,0.0
avalon_count_0779,-0.0,0.0
avalon_count_0780,-0.0,0.0
avalon_count_0781,0.0,0.0
avalon_count_0782,-0.0,0.0
morgan_bit_0382,-0.0,0.0
morgan_bit_0383,-0.0,0.0
avalon_count_0785,0.0,0.0
avalon_count_0786,0.0,0.0
avalon_count_0787,-0.0,0.0
avalon_count_0788,-0.0,0.0
avalon_count_0789,0.0,0.0
avalon_count_0790,0.0,0.0
avalon_count_0791,0.0,0.0
avalon_count_0792,-0.0,0.0
avalon_count_0793,-0.0,0.0
avalon_count_0794,0.0,0.0
avalon_count_0795,0.0,0.0
avalon_count_0796,0.0,0.0
morgan_bit_0384,-0.0,0.0
avalon_count_0798,0.0,0.0
avalon_count_0799,0.0,0.0
avalon_count_0800,0.0,0.0
avalon_count_0801,0.0,0.0
avalon_count_0802,0.0,0.0
avalon_count_0803,-0.0,0.0
avalon_count_0804,-0.0,0.0
avalon_count_0805,-0.0,0.0
avalon_count_0806,0.0,0.0
avalon_count_0807,0.0,0.0
avalon_count_0808,-0.0,0.0
avalon_count_0809,0.0,0.0
avalon_count_0810,0.0,0.0
avalon_count_0811,0.0,0.0
avalon_count_0812,0.0,0.0
avalon_count_0813,0.0,0.0
morgan_bit_0385,0.0,0.0
avalon_count_0815,0.0,0.0
avalon_count_0816,0.0,0.0
avalon_count_0817,-0.0,0.0
avalon_count_0818,-0.0,0.0
avalon_count_0819,0.0,0.0
avalon_count_0820,-0.0,0.0
avalon_count_0821,0.0,0.0
avalon_count_0822,0.0,0.0
avalon_count_0823,0.0,0.0
avalon_count_0824,0.0,0.0
avalon_count_0825,0.0,0.0
avalon_count_0826,0.0,0.0
avalon_count_0827,-0.0,0.0
avalon_count_0828,0.0,0.0
avalon_count_0829,0.0,0.0
avalon_count_0830,-0.0,0.0
avalon_count_0831,-0.0,0.0
avalon_count_0832,0.0,0.0
avalon_count_0833,-0.0,0.0
avalon_count_0834,0.0,0.0
avalon_count_0835,0.0,0.0
avalon_count_0836,-0.0,0.0
avalon_count_0837,0.0,0.0
avalon_count_0838,-0.0,0.0
avalon_count_0839,-0.0,0.0
avalon_count_0840,-0.0,0.0
avalon_count_0841,0.0,0.0
avalon_count_0842,-0.0,0.0
avalon_count_0843,0.0,0.0
avalon_count_0844,-0.0,0.0
avalon_count_0845,-0.0,0.0
avalon_count_0846,-0.0,0.0
avalon_count_0847,-0.0,0.0
avalon_count_0848,0.0,0.0
avalon_count_0849,0.0,0.0
avalon_count_0850,0.0,0.0
avalon_count_0851,-0.0,0.0
avalon_count_0852,0.0,0.0
avalon_count_0853,0.0,0.0
avalon_count_0854,-0.0,0.0
avalon_count_0855,0.0,0.0
avalon_count_0856,-0.0,0.0
avalon_count_0857,0.0,0.0
avalon_count_0858,0.0,0.0
avalon_count_0859,0.0,0.0
avalon_count_0860,-0.0,0.0
avalon_count_0861,-0.0,0.0
avalon_count_0862,0.0,0.0
avalon_count_0863,0.0,0.0
avalon_count_0864,-0.0,0.0
avalon_count_0865,0.0,0.0
avalon_count_0866,-0.0,0.0
avalon_count_0867,0.0,0.0
avalon_count_0868,-0.0,0.0
avalon_count_0869,-0.0,0.0
avalon_count_0870,-0.0,0.0
avalon_count_0871,-0.0,0.0
avalon_count_0872,0.0,0.0
avalon_count_0873,-0.0,0.0
avalon_count_0874,0.0,0.0
avalon_count_0875,0.0,0.0
avalon_count_0876,-0.0,0.0
avalon_count_0877,0.0,0.0
avalon_count_0878,0.0,0.0
avalon_count_0879,0.0,0.0
morgan_bit_0386,0.0,0.0
avalon_count_0881,0.0,0.0
avalon_count_0882,0.0,0.0
avalon_count_0883,0.0,0.0
avalon_count_0884,0.0,0.0
avalon_count_0885,-0.0,0.0
avalon_count_0886,0.0,0.0
avalon_count_0887,-0.0,0.0
avalon_count_0888,0.0,0.0
avalon_count_0889,-0.0,0.0
avalon_count_0890,0.0,0.0
morgan_bit_0387,0.0,0.0
morgan_bit_0388,-0.0,0.0
avalon_count_0893,0.0,0.0
avalon_count_0894,0.0,0.0
avalon_count_0895,0.0,0.0
avalon_count_0896,0.0,0.0
avalon_count_0897,0.0,0.0
morgan_bit_0390,-0.0,0.0
avalon_count_0899,-0.0,0.0
avalon_count_0900,-0.0,0.0
morgan_bit_0391,-0.0,0.0
avalon_count_0902,-0.0,0.0
avalon_count_0903,0.0,0.0
avalon_count_0904,0.0,0.0
avalon_count_0905,0.0,0.0
avalon_count_0906,0.0,0.0
avalon_count_0907,0.0,0.0
avalon_count_0908,-0.0,0.0
avalon_count_0909,-0.0,0.0
avalon_count_0910,0.0,0.0
avalon_count_0911,-0.0,0.0
avalon_count_0912,-0.0,0.0
avalon_count_0913,-0.0,0.0
avalon_count_0914,0.0,0.0
avalon_count_0915,0.0,0.0
avalon_count_0916,-0.0,0.0
morgan_bit_0392,0.0,0.0
avalon_count_0918,0.0,0.0
avalon_count_0919,0.0,0.0
avalon_count_0920,-0.0,0.0
avalon_count_0921,0.0,0.0
avalon_count_0922,0.0,0.0
avalon_count_0923,0.0,0.0
avalon_count_0924,-0.0,0.0
avalon_count_0925,-0.0,0.0
avalon_count_0926,-0.0,0.0
morgan_bit_0393,0.0,0.0
avalon_count_0928,-0.0,0.0
avalon_count_0929,0.0,0.0
morgan_bit_0394,0.0,0.0
morgan_bit_0395,0.0,0.0
avalon_count_0932,0.0,0.0
avalon_count_0933,-0.0,0.0
morgan_bit_0396,-0.0,0.0
avalon_count_0935,-0.0,0.0
avalon_count_0936,-0.0,0.0
avalon_count_0937,-0.0,0.0
avalon_count_0938,-0.0,0.0
avalon_count_0939,0.0,0.0
avalon_count_0940,0.0,0.0
avalon_count_0941,-0.0,0.0
avalon_count_0942,-0.0,0.0
morgan_bit_0397,0.0,0.0
avalon_count_0944,0.0,0.0
avalon_count_0945,0.0,0.0
avalon_count_0946,0.0,0.0
avalon_count_0947,0.0,0.0
morgan_bit_0398,-0.0,0.0
avalon_count_0949,-0.0,0.0
avalon_count_0950,0.0,0.0
avalon_count_0951,0.0,0.0
avalon_count_0952,0.0,0.0
avalon_count_0953,-0.0,0.0
avalon_count_0954,0.0,0.0
avalon_count_0955,0.0,0.0
avalon_count_0956,-0.0,0.0
avalon_count_0957,0.0,0.0
avalon_count_0958,0.0,0.0
avalon_count_0959,0.0,0.0
avalon_count_0960,0.0,0.0
avalon_count_0961,-0.0,0.0
avalon_count_0962,-0.0,0.0
avalon_count_0963,0.0,0.0
avalon_count_0964,0.0,0.0
morgan_bit_0399,-0.0,0.0
avalon_count_0966,-0.0,0.0
avalon_count_0967,0.0,0.0
avalon_count_0968,0.0,0.0
avalon_count_0969,0.0,0.0
avalon_count_0970,0.0,0.0
avalon_count_0971,-0.0,0.0
avalon_count_0972,0.0,0.0
avalon_count_0973,0.0,0.0
avalon_count_0974,-0.0,0.0
avalon_count_0975,0.0,0.0
avalon_count_0976,0.0,0.0
avalon_count_0977,0.0,0.0
avalon_count_0978,-0.0,0.0
avalon_count_0979,0.0,0.0
avalon_count_0980,-0.0,0.0
avalon_count_0981,-0.0,0.0
morgan_bit_0400,-0.0,0.0
morgan_bit_0401,0.0,0.0
avalon_count_0984,-0.0,0.0
avalon_count_0985,0.0,0.0
avalon_count_0986,-0.0,0.0
avalon_count_0987,-0.0,0.0
avalon_count_0988,-0.0,0.0
avalon_count_0989,-0.0,0.0
avalon_count_0990,-0.0,0.0
avalon_count_0991,0.0,0.0
avalon_count_0992,-0.0,0.0
avalon_count_0993,0.0,0.0
avalon_count_0994,0.0,0.0
avalon_count_0995,0.0,0.0
avalon_count_0996,0.0,0.0
avalon_count_0997,0.0,0.0
morgan_bit_0402,-0.0,0.0
avalon_count_0999,0.0,0.0
avalon_count_1000,-0.0,0.0
avalon_count_1001,-0.0,0.0
avalon_count_1002,0.0,0.0
avalon_count_1003,0.0,0.0
avalon_count_1004,0.0,0.0
morgan_bit_0403,-0.0,0.0
avalon_count_1006,0.0,0.0
avalon_count_1007,0.0,0.0
avalon_count_1008,0.0,0.0
avalon_count_1009,0.0,0.0
avalon_count_1010,-0.0,0.0
avalon_count_1011,-0.0,0.0
avalon_count_1012,-0.0,0.0
avalon_count_1013,0.0,0.0
avalon_count_1014,0.0,0.0
avalon_count_1015,0.0,0.0
avalon_count_1016,-0.0,0.0
morgan_bit_0404,-0.0,0.0
avalon_count_1018,-0.0,0.0
avalon_count_1019,0.0,0.0
avalon_count_1020,0.0,0.0
avalon_count_1021,0.0,0.0
morgan_bit_0405,0.0,0.0
avalon_count_1023,0.0,0.0
erg_000,-0.0,0.0
erg_001,-0.0,0.0
erg_002,0.0,0.0
erg_003,0.0,0.0
erg_004,-0.0,0.0
erg_005,0.0,0.0
erg_006,0.0,0.0
erg_007,0.0,0.0
erg_008,0.0,0.0
erg_009,0.0,0.0
erg_010,-0.0,0.0
erg_011,0.0,0.0
erg_012,0.0,0.0
erg_013,0.0,0.0
erg_014,0.0,0.0
erg_015,-0.0,0.0
erg_016,0.0,0.0
erg_017,0.0,0.0
erg_018,0.0,0.0
erg_019,0.0,0.0
erg_020,-0.0,0.0
erg_021,0.0,0.0
erg_022,-0.0,0.0
erg_023,-0.0,0.0
erg_024,-0.0,0.0
erg_025,-0.0,0.0
erg_026,-0.0,0.0
erg_027,-0.0,0.0
erg_028,0.0,0.0
erg_029,0.0,0.0
morgan_bit_0406,-0.0,0.0
erg_031,-0.0,0.0
erg_032,-0.0,0.0
erg_033,0.0,0.0
erg_034,-0.0,0.0
morgan_bit_0407,0.0,0.0
erg_036,-0.0,0.0
erg_037,-0.0,0.0
erg_038,-0.0,0.0
erg_039,-0.0,0.0
erg_040,-0.0,0.0
morgan_bit_0408,0.0,0.0
erg_042,-0.0,0.0
erg_043,-0.0,0.0
erg_044,0.0,0.0
morgan_bit_0409,-0.0,0.0
erg_046,-0.0,0.0
erg_047,0.0,0.0
erg_048,0.0,0.0
erg_049,0.0,0.0
erg_050,-0.0,0.0
erg_051,-0.0,0.0
erg_052,0.0,0.0
erg_053,0.0,0.0
erg_054,-0.0,0.0
erg_055,0.0,0.0
erg_056,0.0,0.0
erg_057,0.0,0.0
erg_058,0.0,0.0
morgan_bit_0410,-0.0,0.0
morgan_bit_0411,-0.0,0.0
erg_061,-0.0,0.0
erg_062,0.0,0.0
morgan_bit_0412,0.0,0.0
erg_064,0.0,0.0
erg_065,0.0,0.0
erg_066,0.0,0.0
erg_067,0.0,0.0
erg_068,0.0,0.0
erg_069,0.0,0.0
erg_070,-0.0,0.0
erg_071,0.0,0.0
erg_072,0.0,0.0
erg_073,-0.0,0.0
erg_074,-0.0,0.0
erg_075,0.0,0.0
erg_076,0.0,0.0
morgan_bit_0413,0.0,0.0
erg_078,-0.0,0.0
erg_079,-0.0,0.0
erg_080,-0.0,0.0
erg_081,-0.0,0.0
erg_082,-0.0,0.0
erg_083,-0.0,0.0
morgan_bit_0414,-0.0,0.0
erg_085,-0.0,0.0
erg_086,-0.0,0.0
erg_087,-0.0,0.0
erg_088,0.0,0.0
erg_089,-0.0,0.0
erg_090,0.0,0.0
erg_091,0.0,0.0
erg_092,0.0,0.0
erg_093,-0.0,0.0
erg_094,0.0,0.0
erg_095,0.0,0.0
erg_096,0.0,0.0
erg_097,0.0,0.0
erg_098,0.0,0.0
erg_099,-0.0,0.0
erg_100,0.0,0.0
erg_101,0.0,0.0
erg_102,0.0,0.0
erg_103,0.0,0.0
erg_104,0.0,0.0
morgan_bit_0417,-0.0,0.0
erg_106,0.0,0.0
erg_107,0.0,0.0
erg_108,0.0,0.0
erg_109,-0.0,0.0
morgan_bit_0418,0.0,0.0
morgan_bit_0419,-0.0,0.0
erg_112,-0.0,0.0
morgan_bit_0421,0.0,0.0
erg_114,-0.0,0.0
erg_115,-0.0,0.0
erg_116,-0.0,0.0
morgan_bit_0422,-0.0,0.0
erg_118,-0.0,0.0
erg_119,0.0,0.0
erg_120,-0.0,0.0
erg_121,-0.0,0.0
erg_122,-0.0,0.0
morgan_bit_0423,0.0,0.0
erg_124,-0.0,0.0
erg_125,-0.0,0.0
morgan_bit_0424,0.0,0.0
morgan_bit_0425,0.0,0.0
morgan_bit_0426,-0.0,0.0
morgan_bit_0427,-0.0,0.0
erg_130,0.0,0.0
erg_131,-0.0,0.0
erg_132,0.0,0.0
erg_133,0.0,0.0
erg_134,0.0,0.0
erg_135,0.0,0.0
erg_136,0.0,0.0
morgan_bit_0428,-0.0,0.0
morgan_bit_0429,0.0,0.0
morgan_bit_0430,0.0,0.0
erg_140,0.0,0.0
erg_141,-0.0,0.0
erg_142,0.0,0.0
erg_143,0.0,0.0
erg_144,0.0,0.0
erg_145,0.0,0.0
erg_146,-0.0,0.0
erg_147,0.0,0.0
erg_148,0.0,0.0
erg_149,0.0,0.0
erg_150,-0.0,0.0
erg_151,-0.0,0.0
erg_152,-0.0,0.0
erg_153,-0.0,0.0
erg_154,-0.0,0.0
erg_155,-0.0,0.0
erg_156,-0.0,0.0
erg_157,0.0,0.0
erg_158,0.0,0.0
erg_159,0.0,0.0
morgan_bit_0431,-0.0,0.0
erg_161,0.0,0.0
erg_162,0.0,0.0
erg_163,-0.0,0.0
morgan_bit_0433,0.0,0.0
erg_165,0.0,0.0
erg_166,0.0,0.0
erg_167,-0.0,0.0
erg_168,-0.0,0.0
erg_169,-0.0,0.0
erg_170,-0.0,0.0
erg_171,-0.0,0.0
erg_172,-0.0,0.0
erg_173,-0.0,0.0
erg_174,0.0,0.0
erg_175,-0.0,0.0
morgan_bit_0434,0.0,0.0
erg_177,-0.0,0.0
erg_178,0.0,0.0
erg_179,0.0,0.0
erg_180,0.0,0.0
morgan_bit_0435,0.0,0.0
erg_182,0.0,0.0
erg_183,-0.0,0.0
erg_184,-0.0,0.0
erg_185,-0.0,0.0
erg_186,0.0,0.0
erg_187,0.0,0.0
erg_188,-0.0,0.0
erg_189,-0.0,0.0
erg_190,0.0,0.0
erg_191,-0.0,0.0
erg_192,-0.0,0.0
morgan_bit_0436,-0.0,0.0
erg_194,0.0,0.0
morgan_bit_0437,-0.0,0.0
morgan_bit_0438,-0.0,0.0
erg_197,-0.0,0.0
erg_198,-0.0,0.0
erg_199,0.0,0.0
erg_200,0.0,0.0
morgan_bit_0439,-0.0,0.0
erg_202,-0.0,0.0
erg_203,0.0,0.0
erg_204,0.0,0.0
erg_205,-0.0,0.0
erg_206,-0.0,0.0
erg_207,0.0,0.0
erg_208,0.0,0.0
morgan_bit_0440,0.0,0.0
erg_210,0.0,0.0
erg_211,0.0,0.0
erg_212,-0.0,0.0
erg_213,-0.0,0.0
erg_214,-0.0,0.0
erg_215,-0.0,0.0
morgan_bit_0441,0.0,0.0
erg_217,-0.0,0.0
erg_218,-0.0,0.0
erg_219,-0.0,0.0
morgan_bit_0443,-0.0,0.0
morgan_bit_0444,-0.0,0.0
erg_222,-0.0,0.0
erg_223,-0.0,0.0
erg_224,-0.0,0.0
erg_232,-0.0,0.0
erg_233,0.0,0.0
erg_234,0.0,0.0
morgan_bit_0445,-0.0,0.0
erg_236,0.0,0.0
morgan_bit_0446,-0.0,0.0
morgan_bit_0447,-0.0,0.0
erg_241,-0.0,0.0
erg_242,0.0,0.0
erg_243,-0.0,0.0
erg_244,-0.0,0.0
morgan_bit_0448,-0.0,0.0
erg_246,-0.0,0.0
erg_247,0.0,0.0
erg_248,-0.0,0.0
erg_249,-0.0,0.0
erg_250,0.0,0.0
morgan_bit_0449,-0.0,0.0
morgan_bit_0451,-0.0,0.0
erg_253,-0.0,0.0
erg_254,-0.0,0.0
erg_255,-0.0,0.0
erg_256,-0.0,0.0
morgan_bit_0452,-0.0,0.0
erg_258,-0.0,0.0
morgan_bit_0453,0.0,0.0
morgan_bit_0454,-0.0,0.0
morgan_bit_0455,-0.0,0.0
erg_262,0.0,0.0
erg_263,0.0,0.0
erg_264,-0.0,0.0
morgan_bit_0456,0.0,0.0
erg_266,-0.0,0.0
morgan_bit_0457,0.0,0.0
erg_268,-0.0,0.0
erg_269,0.0,0.0
erg_270,-0.0,0.0
erg_271,0.0,0.0
erg_272,0.0,0.0
erg_273,-0.0,0.0
erg_274,-0.0,0.0
erg_275,0.0,0.0
erg_276,0.0,0.0
erg_277,0.0,0.0
erg_278,0.0,0.0
erg_279,0.0,0.0
erg_280,0.0,0.0
erg_281,0.0,0.0
erg_282,0.0,0.0
morgan_bit_0001,-0.0,0.0
morgan_bit_0006,-0.0,0.0
morgan_bit_0007,-0.0,0.0
morgan_bit_0008,0.0,0.0
morgan_bit_0009,0.0,0.0
morgan_bit_0010,0.0,0.0
morgan_bit_0011,0.0,0.0
morgan_bit_0012,0.0,0.0
morgan_bit_0013,0.0,0.0
morgan_bit_0014,0.0,0.0
morgan_bit_0015,0.0,0.0
morgan_bit_0459,-0.0,0.0
morgan_bit_0017,0.0,0.0
morgan_bit_0019,-0.0,0.0
morgan_bit_0020,0.0,0.0
morgan_bit_0004,-0.0,0.0
morgan_bit_0003,-0.0,0.0
erg_284,0.0,0.0
erg_285,0.0,0.0
erg_286,0.0,0.0
erg_287,0.0,0.0
erg_288,0.0,0.0
erg_289,0.0,0.0
erg_290,0.0,0.0
erg_291,0.0,0.0
erg_292,-0.0,0.0
erg_293,0.0,0.0
erg_294,0.0,0.0
erg_295,0.0,0.0
erg_296,0.0,0.0
erg_297,-0.0,0.0
morgan_bit_0021,-0.0,0.0
